#n_z 
39 
#n_E_g 
50 
#Redshift z 
0.01 0.03 0.04 0.06 0.07 0.09 0.10 0.12 0.13 0.15 0.16 0.18 0.19 0.21 0.22 0.24 0.25 0.27 0.28 0.30 0.35 0.40 0.45 0.50 0.55 0.60 0.65 0.70 0.75 0.80 0.85 0.90 0.95 1.00 1.20 1.40 1.60 1.80 2.00 
#Observed photon energy E_g [eV] 
3.000000e+10 3.454190e+10 3.977130e+10 4.579250e+10 5.272530e+10 6.070770e+10 6.989860e+10 8.048090e+10 9.266530e+10 1.066940e+11 1.228470e+11 1.414460e+11 1.628600e+11 1.875170e+11 2.159060e+11 2.485930e+11 2.862290e+11 3.295620e+11 3.794570e+11 4.369050e+11 5.030500e+11 5.792090e+11 6.668990e+11 7.678640e+11 8.841160e+11 1.017970e+12 1.172080e+12 1.349530e+12 1.553840e+12 1.789090e+12 2.059950e+12 2.371810e+12 2.730890e+12 3.144340e+12 3.620380e+12 4.168490e+12 4.799580e+12 5.526210e+12 6.362850e+12 7.326160e+12 8.435310e+12 9.712370e+12 1.118280e+13 1.287580e+13 1.482510e+13 1.706960e+13 1.965390e+13 2.262940e+13 2.605530e+13 3.000000e+13 
#Optical depth from emission tau 
7.880400e-06 2.453850e-05 5.826180e-05 1.232530e-04 2.438680e-04 4.116020e-04 6.397730e-04 9.324000e-04 1.360140e-03 1.907690e-03 2.615240e-03 3.547440e-03 4.901970e-03 6.912670e-03 9.429870e-03 1.264730e-02 1.664650e-02 2.227630e-02 2.882290e-02 3.633460e-02 4.468730e-02 5.449870e-02 6.562140e-02 7.660410e-02 8.756530e-02 9.802610e-02 1.089300e-01 1.183830e-01 1.266700e-01 1.335350e-01 1.402070e-01 1.469940e-01 1.535620e-01 1.608250e-01 1.694030e-01 1.814870e-01 1.942950e-01 2.088110e-01 2.250230e-01 2.476110e-01 2.769050e-01 3.136530e-01 3.635080e-01 4.389960e-01 5.755800e-01 7.711290e-01 1.056790e+00 1.458010e+00 2.109360e+00 2.990410e+00 
2.085320e-05 6.349510e-05 1.563500e-04 3.424250e-04 6.469270e-04 1.079460e-03 1.666500e-03 2.483230e-03 3.581070e-03 4.969110e-03 6.762730e-03 9.263740e-03 1.297570e-02 1.801250e-02 2.445710e-02 3.271100e-02 4.383150e-02 5.806810e-02 7.464900e-02 9.360650e-02 1.156960e-01 1.415980e-01 1.691630e-01 1.969470e-01 2.245510e-01 2.525670e-01 2.794370e-01 3.031350e-01 3.235130e-01 3.415850e-01 3.590160e-01 3.755960e-01 3.922470e-01 4.111650e-01 4.360070e-01 4.658870e-01 4.985260e-01 5.349670e-01 5.802510e-01 6.399060e-01 7.137490e-01 8.080970e-01 9.415960e-01 1.161430e+00 1.508830e+00 2.016580e+00 2.756240e+00 3.903800e+00 5.610570e+00 7.854770e+00 
3.399750e-05 1.091280e-04 2.771980e-04 5.875230e-04 1.083900e-03 1.797610e-03 2.813560e-03 4.174290e-03 5.946370e-03 8.180290e-03 1.119920e-02 1.549230e-02 2.154060e-02 2.966240e-02 4.021530e-02 5.440410e-02 7.274940e-02 9.562530e-02 1.223000e-01 1.539320e-01 1.908600e-01 2.323920e-01 2.763670e-01 3.211440e-01 3.670830e-01 4.120980e-01 4.546110e-01 4.919400e-01 5.252110e-01 5.547380e-01 5.821240e-01 6.082980e-01 6.358180e-01 6.694280e-01 7.103660e-01 7.583930e-01 8.109060e-01 8.735440e-01 9.501050e-01 1.046410e+00 1.165630e+00 1.324820e+00 1.562210e+00 1.930760e+00 2.499620e+00 3.340080e+00 4.650440e+00 6.605110e+00 9.390830e+00 1.304150e+01 
5.102650e-05 1.667960e-04 4.129220e-04 8.527030e-04 1.558830e-03 2.607680e-03 4.064170e-03 5.977010e-03 8.431330e-03 1.163880e-02 1.601900e-02 2.209040e-02 3.050130e-02 4.193550e-02 5.730920e-02 7.745790e-02 1.030610e-01 1.346910e-01 1.726610e-01 2.176990e-01 2.691130e-01 3.262620e-01 3.871280e-01 4.506550e-01 5.142070e-01 5.758920e-01 6.335150e-01 6.855780e-01 7.316010e-01 7.718880e-01 8.087890e-01 8.451460e-01 8.855110e-01 9.329100e-01 9.900530e-01 1.056180e+00 1.132750e+00 1.222120e+00 1.329740e+00 1.462900e+00 1.634570e+00 1.870560e+00 2.214640e+00 2.739620e+00 3.548830e+00 4.812800e+00 6.723310e+00 9.515490e+00 1.341460e+01 1.869410e+01 
7.321530e-05 2.312700e-04 5.570440e-04 1.144170e-03 2.102750e-03 3.496490e-03 5.397430e-03 7.874310e-03 1.112210e-02 1.538170e-02 2.110950e-02 2.898460e-02 4.001930e-02 5.526820e-02 7.543400e-02 1.015600e-01 1.346050e-01 1.761740e-01 2.259510e-01 2.840290e-01 3.499470e-01 4.235700e-01 5.029220e-01 5.842520e-01 6.652960e-01 7.433850e-01 8.173810e-01 8.837160e-01 9.418710e-01 9.923660e-01 1.039460e+00 1.087360e+00 1.139710e+00 1.201130e+00 1.274500e+00 1.362360e+00 1.462560e+00 1.578920e+00 1.717620e+00 1.893870e+00 2.124430e+00 2.438920e+00 2.893270e+00 3.591530e+00 4.706780e+00 6.409540e+00 8.951220e+00 1.261110e+01 1.783390e+01 2.488960e+01 
9.774980e-05 2.990410e-04 7.192520e-04 1.481020e-03 2.695840e-03 4.441480e-03 6.807360e-03 9.934970e-03 1.401730e-02 1.932770e-02 2.642220e-02 3.633860e-02 5.030960e-02 6.934210e-02 9.435560e-02 1.266920e-01 1.682580e-01 2.199320e-01 2.813750e-01 3.524740e-01 4.340970e-01 5.252870e-01 6.224450e-01 7.216170e-01 8.200070e-01 9.160140e-01 1.005670e+00 1.085630e+00 1.155330e+00 1.216930e+00 1.275010e+00 1.333790e+00 1.398120e+00 1.473790e+00 1.567250e+00 1.676320e+00 1.800200e+00 1.943560e+00 2.118670e+00 2.342500e+00 2.632700e+00 3.027100e+00 3.606480e+00 4.523210e+00 5.955380e+00 8.120020e+00 1.132620e+01 1.601430e+01 2.267150e+01 3.153770e+01 
1.215310e-04 3.757940e-04 9.075340e-04 1.844750e-03 3.326490e-03 5.446360e-03 8.338920e-03 1.216810e-02 1.707710e-02 2.342310e-02 3.211330e-02 4.427490e-02 6.114870e-02 8.408480e-02 1.141480e-01 1.534200e-01 2.038080e-01 2.654760e-01 3.384980e-01 4.242350e-01 5.221390e-01 6.304440e-01 7.454210e-01 8.622870e-01 9.796070e-01 1.092840e+00 1.197630e+00 1.291010e+00 1.373040e+00 1.445560e+00 1.514360e+00 1.583910e+00 1.660530e+00 1.754750e+00 1.867060e+00 1.996810e+00 2.145310e+00 2.320040e+00 2.533080e+00 2.805490e+00 3.156540e+00 3.642070e+00 4.376890e+00 5.516120e+00 7.278300e+00 9.940290e+00 1.393840e+01 1.976490e+01 2.787860e+01 3.856750e+01 
1.526450e-04 4.695700e-04 1.114770e-03 2.237190e-03 3.996360e-03 6.547930e-03 1.001360e-02 1.451940e-02 2.027020e-02 2.785300e-02 3.821840e-02 5.262040e-02 7.250220e-02 9.944010e-02 1.352720e-01 1.819170e-01 2.406940e-01 3.125690e-01 3.985890e-01 4.991750e-01 6.130760e-01 7.385630e-01 8.715080e-01 1.007940e+00 1.143460e+00 1.273260e+00 1.393140e+00 1.500430e+00 1.594580e+00 1.677850e+00 1.756560e+00 1.837760e+00 1.930400e+00 2.041080e+00 2.172610e+00 2.324490e+00 2.500200e+00 2.707510e+00 2.960570e+00 3.280390e+00 3.701260e+00 4.298940e+00 5.189150e+00 6.564660e+00 8.685600e+00 1.194270e+01 1.679370e+01 2.377510e+01 3.337880e+01 4.618240e+01 
1.923540e-04 5.722060e-04 1.333440e-03 2.661950e-03 4.753210e-03 7.752960e-03 1.177910e-02 1.697620e-02 2.369130e-02 3.256840e-02 4.462680e-02 6.129820e-02 8.445010e-02 1.159960e-01 1.576550e-01 2.113670e-01 2.788320e-01 3.619730e-01 4.613620e-01 5.766830e-01 7.069400e-01 8.501510e-01 1.002230e+00 1.157520e+00 1.310770e+00 1.457110e+00 1.592630e+00 1.713790e+00 1.819560e+00 1.913140e+00 2.002620e+00 2.097260e+00 2.204680e+00 2.332310e+00 2.483870e+00 2.660810e+00 2.865410e+00 3.106100e+00 3.398410e+00 3.771360e+00 4.273900e+00 4.983370e+00 6.039320e+00 7.674190e+00 1.023680e+01 1.413700e+01 1.987180e+01 2.801130e+01 3.931480e+01 5.443370e+01 
2.367870e-04 6.818690e-04 1.575770e-03 3.145440e-03 5.582740e-03 9.038530e-03 1.365150e-02 1.963690e-02 2.736120e-02 3.754010e-02 5.131380e-02 7.042700e-02 9.716890e-02 1.334120e-01 1.809610e-01 2.420500e-01 3.192730e-01 4.140510e-01 5.265610e-01 6.565770e-01 8.034430e-01 9.652130e-01 1.136570e+00 1.310460e+00 1.481470e+00 1.645280e+00 1.796460e+00 1.930710e+00 2.047380e+00 2.151590e+00 2.253050e+00 2.360730e+00 2.482900e+00 2.628680e+00 2.802850e+00 3.005510e+00 3.238650e+00 3.512040e+00 3.848960e+00 4.284490e+00 4.867820e+00 5.691860e+00 6.934130e+00 8.883400e+00 1.191450e+01 1.647880e+01 2.313310e+01 3.264650e+01 4.582740e+01 6.322150e+01 
2.859410e-04 8.112010e-04 1.863920e-03 3.677830e-03 6.457310e-03 1.037650e-02 1.561780e-02 2.244760e-02 3.121660e-02 4.273700e-02 5.843930e-02 8.040150e-02 1.107360e-01 1.515430e-01 2.049900e-01 2.740050e-01 3.610560e-01 4.675210e-01 5.935370e-01 7.393620e-01 9.045610e-01 1.085080e+00 1.274640e+00 1.466540e+00 1.655810e+00 1.836380e+00 2.002700e+00 2.150110e+00 2.278930e+00 2.394860e+00 2.508400e+00 2.628800e+00 2.766460e+00 2.931730e+00 3.128780e+00 3.355550e+00 3.617200e+00 3.929350e+00 4.317200e+00 4.816530e+00 5.486490e+00 6.443970e+00 7.898080e+00 1.018090e+01 1.367870e+01 1.892000e+01 2.662720e+01 3.769490e+01 5.279690e+01 7.260140e+01 
3.424590e-04 9.583970e-04 2.177900e-03 4.241590e-03 7.395790e-03 1.182980e-02 1.779870e-02 2.545280e-02 3.523580e-02 4.820260e-02 6.598090e-02 9.067810e-02 1.246470e-01 1.703390e-01 2.304240e-01 3.079780e-01 4.052110e-01 5.229940e-01 6.631030e-01 8.254070e-01 1.007940e+00 1.206740e+00 1.415070e+00 1.626520e+00 1.834330e+00 2.032230e+00 2.212750e+00 2.373450e+00 2.513920e+00 2.640860e+00 2.765320e+00 2.899490e+00 3.054690e+00 3.240700e+00 3.461430e+00 3.714000e+00 4.008200e+00 4.360750e+00 4.798390e+00 5.359470e+00 6.124930e+00 7.231000e+00 8.927400e+00 1.155020e+01 1.556880e+01 2.161590e+01 3.054430e+01 4.311770e+01 6.013680e+01 8.251810e+01 
4.078460e-04 1.126110e-03 2.512540e-03 4.854310e-03 8.415610e-03 1.342770e-02 2.007040e-02 2.856720e-02 3.946220e-02 5.400930e-02 7.394210e-02 1.014310e-01 1.392380e-01 1.901980e-01 2.573740e-01 3.431240e-01 4.503650e-01 5.804330e-01 7.353100e-01 9.142560e-01 1.114080e+00 1.331180e+00 1.559600e+00 1.790720e+00 2.016280e+00 2.230640e+00 2.425910e+00 2.599710e+00 2.751950e+00 2.889330e+00 3.025590e+00 3.175560e+00 3.349320e+00 3.555690e+00 3.799670e+00 4.080660e+00 4.408790e+00 4.803080e+00 5.290120e+00 5.922750e+00 6.796270e+00 8.067790e+00 1.000650e+01 1.300900e+01 1.762200e+01 2.455900e+01 3.468920e+01 4.882280e+01 6.796730e+01 9.312530e+01 
4.818990e-04 1.312550e-03 2.890970e-03 5.513560e-03 9.548520e-03 1.513350e-02 2.240830e-02 3.188690e-02 4.400420e-02 6.005160e-02 8.221210e-02 1.127890e-01 1.544900e-01 2.113630e-01 2.854420e-01 3.791750e-01 4.975160e-01 6.406830e-01 8.099070e-01 1.005190e+00 1.223240e+00 1.459150e+00 1.708050e+00 1.957720e+00 2.200960e+00 2.432240e+00 2.642180e+00 2.828930e+00 2.992360e+00 3.141420e+00 3.289990e+00 3.455920e+00 3.648870e+00 3.875980e+00 4.144260e+00 4.456570e+00 4.819000e+00 5.251650e+00 5.799020e+00 6.509050e+00 7.494640e+00 8.952010e+00 1.114360e+01 1.455050e+01 1.987800e+01 2.774210e+01 3.897240e+01 5.498490e+01 7.645750e+01 1.043330e+02 
5.761330e-04 1.501540e-03 3.301180e-03 6.288900e-03 1.073050e-02 1.689810e-02 2.497730e-02 3.532420e-02 4.874800e-02 6.653320e-02 9.073340e-02 1.245090e-01 1.709880e-01 2.329690e-01 3.139860e-01 4.174190e-01 5.461080e-01 7.025810e-01 8.869690e-01 1.098190e+00 1.334960e+00 1.591730e+00 1.858550e+00 2.127600e+00 2.389510e+00 2.636490e+00 2.861580e+00 3.061450e+00 3.235300e+00 3.395520e+00 3.560300e+00 3.740860e+00 3.950640e+00 4.203700e+00 4.498470e+00 4.837750e+00 5.238930e+00 5.716850e+00 6.318080e+00 7.123530e+00 8.234130e+00 9.847050e+00 1.238020e+01 1.629320e+01 2.221330e+01 3.107770e+01 4.377120e+01 6.145560e+01 8.551460e+01 1.164730e+02 
6.589960e-04 1.737980e-03 3.761640e-03 7.068300e-03 1.199230e-02 1.877230e-02 2.762080e-02 3.906580e-02 5.367100e-02 7.306790e-02 9.990060e-02 1.370560e-01 1.877180e-01 2.555720e-01 3.441050e-01 4.564730e-01 5.974960e-01 7.663190e-01 9.657130e-01 1.194530e+00 1.450500e+00 1.725980e+00 2.013020e+00 2.300820e+00 2.580200e+00 2.845090e+00 3.083390e+00 3.295440e+00 3.481280e+00 3.655290e+00 3.831320e+00 4.029330e+00 4.261220e+00 4.535620e+00 4.859060e+00 5.230020e+00 5.665880e+00 6.191690e+00 6.867090e+00 7.747800e+00 8.984830e+00 1.083950e+01 1.368890e+01 1.808000e+01 2.476780e+01 3.463280e+01 4.874970e+01 6.865920e+01 9.498850e+01 1.289550e+02 
7.741530e-04 1.987080e-03 4.254150e-03 7.934470e-03 1.335570e-02 2.077150e-02 3.050310e-02 4.286490e-02 5.876090e-02 8.011540e-02 1.093710e-01 1.500090e-01 2.053560e-01 2.791670e-01 3.752220e-01 4.979510e-01 6.494430e-01 8.317040e-01 1.047290e+00 1.293300e+00 1.568480e+00 1.863290e+00 2.169570e+00 2.476860e+00 2.775320e+00 3.054720e+00 3.307710e+00 3.532920e+00 3.730420e+00 3.916010e+00 4.107030e+00 4.323040e+00 4.575800e+00 4.876450e+00 5.225160e+00 5.627420e+00 6.106250e+00 6.686450e+00 7.423630e+00 8.400400e+00 9.796090e+00 1.186510e+01 1.507720e+01 2.000540e+01 2.745640e+01 3.847670e+01 5.430560e+01 7.609900e+01 1.050080e+02 1.424150e+02 
9.016940e-04 2.281280e-03 4.802010e-03 8.860160e-03 1.479600e-02 2.294440e-02 3.343110e-02 4.689180e-02 6.417510e-02 8.747730e-02 1.193600e-01 1.635420e-01 2.234080e-01 3.033840e-01 4.082890e-01 5.398220e-01 7.035020e-01 8.995130e-01 1.131740e+00 1.394950e+00 1.689020e+00 2.002790e+00 2.329080e+00 2.656880e+00 2.971630e+00 3.267920e+00 3.534480e+00 3.773020e+00 3.981290e+00 4.180020e+00 4.385620e+00 4.620170e+00 4.897330e+00 5.221320e+00 5.600460e+00 6.037160e+00 6.558480e+00 7.187320e+00 7.997730e+00 9.081750e+00 1.063390e+01 1.297370e+01 1.654900e+01 2.206220e+01 3.035710e+01 4.265170e+01 5.998450e+01 8.401360e+01 1.157410e+02 1.566100e+02 
1.048620e-03 2.576060e-03 5.395210e-03 9.855130e-03 1.637830e-02 2.517270e-02 3.653300e-02 5.110380e-02 6.982200e-02 9.524410e-02 1.295740e-01 1.776880e-01 2.423970e-01 3.293240e-01 4.412010e-01 5.832300e-01 7.593830e-01 9.691040e-01 1.218270e+00 1.497940e+00 1.812700e+00 2.144690e+00 2.493290e+00 2.837280e+00 3.171010e+00 3.483400e+00 3.763690e+00 4.014930e+00 4.234310e+00 4.447890e+00 4.666550e+00 4.925000e+00 5.220960e+00 5.573510e+00 5.981790e+00 6.455620e+00 7.020770e+00 7.703660e+00 8.594930e+00 9.781160e+00 1.152740e+01 1.410570e+01 1.812100e+01 2.426120e+01 3.354650e+01 4.707800e+01 6.613220e+01 9.245080e+01 1.270300e+02 1.716890e+02 
1.202370e-03 2.918760e-03 6.043180e-03 1.093120e-02 1.803050e-02 2.753190e-02 3.982970e-02 5.549920e-02 7.577840e-02 1.031490e-01 1.403240e-01 1.923940e-01 2.621320e-01 3.557880e-01 4.757910e-01 6.285550e-01 8.165720e-01 1.041400e+00 1.306160e+00 1.604230e+00 1.938550e+00 2.289610e+00 2.659010e+00 3.020540e+00 3.373530e+00 3.700560e+00 3.995980e+00 4.258350e+00 4.490310e+00 4.717580e+00 4.953790e+00 5.231690e+00 5.549540e+00 5.932440e+00 6.370400e+00 6.882740e+00 7.491260e+00 8.237290e+00 9.208350e+00 1.052670e+01 1.244040e+01 1.531320e+01 1.980040e+01 2.662330e+01 3.687610e+01 5.175620e+01 7.273110e+01 1.013980e+02 1.391460e+02 1.872790e+02 
1.836380e-03 4.320330e-03 8.421890e-03 1.503160e-02 2.390320e-02 3.624520e-02 5.153570e-02 7.133950e-02 9.693770e-02 1.313990e-01 1.795130e-01 2.436080e-01 3.335180e-01 4.467940e-01 5.998530e-01 7.845560e-01 1.016790e+00 1.289750e+00 1.608570e+00 1.972250e+00 2.363200e+00 2.788980e+00 3.210820e+00 3.645620e+00 4.046430e+00 4.429070e+00 4.766640e+00 5.069600e+00 5.346350e+00 5.616260e+00 5.922140e+00 6.257530e+00 6.676270e+00 7.133940e+00 7.699260e+00 8.329470e+00 9.114600e+00 1.008170e+01 1.135490e+01 1.316560e+01 1.575810e+01 1.990540e+01 2.590880e+01 3.559540e+01 4.914750e+01 6.955300e+01 9.710300e+01 1.346440e+02 1.834220e+02 2.437340e+02 
2.709470e-03 6.039420e-03 1.148870e-02 1.982660e-02 3.105510e-02 4.613770e-02 6.490090e-02 8.931840e-02 1.207070e-01 1.635960e-01 2.227780e-01 3.027800e-01 4.113240e-01 5.510510e-01 7.336340e-01 9.559500e-01 1.233570e+00 1.556470e+00 1.933250e+00 2.358590e+00 2.817970e+00 3.304910e+00 3.795740e+00 4.285990e+00 4.743430e+00 5.174170e+00 5.553410e+00 5.898010e+00 6.219140e+00 6.547840e+00 6.915230e+00 7.335710e+00 7.839820e+00 8.407020e+00 9.089290e+00 9.866510e+00 1.084920e+01 1.207450e+01 1.375270e+01 1.614150e+01 1.972660e+01 2.530010e+01 3.358080e+01 4.639230e+01 6.437100e+01 9.087210e+01 1.262480e+02 1.740180e+02 2.347440e+02 3.097240e+02 
3.849550e-03 8.156870e-03 1.519870e-02 2.545960e-02 3.926960e-02 5.738710e-02 8.008350e-02 1.093600e-01 1.472420e-01 1.997210e-01 2.706920e-01 3.681410e-01 4.972440e-01 6.644480e-01 8.794200e-01 1.143560e+00 1.465650e+00 1.840830e+00 2.279360e+00 2.764680e+00 3.293000e+00 3.842140e+00 4.396800e+00 4.943990e+00 5.458170e+00 5.931630e+00 6.353030e+00 6.742490e+00 7.110020e+00 7.503270e+00 7.941950e+00 8.451540e+00 9.047320e+00 9.740810e+00 1.054910e+01 1.150060e+01 1.270840e+01 1.425050e+01 1.642660e+01 1.956090e+01 2.438930e+01 3.170290e+01 4.287780e+01 5.940070e+01 8.284880e+01 1.162990e+02 1.608490e+02 2.198380e+02 2.937460e+02 3.847450e+02 
5.314140e-03 1.079510e-02 1.957060e-02 3.197240e-02 4.862200e-02 6.999900e-02 9.699040e-02 1.315460e-01 1.770950e-01 2.395940e-01 3.239180e-01 4.395210e-01 5.912730e-01 7.879350e-01 1.036310e+00 1.343990e+00 1.712560e+00 2.142740e+00 2.640280e+00 3.190460e+00 3.784640e+00 4.397260e+00 5.014910e+00 5.615930e+00 6.182430e+00 6.697990e+00 7.161590e+00 7.595900e+00 8.020250e+00 8.481600e+00 9.002560e+00 9.609030e+00 1.030810e+01 1.112910e+01 1.208090e+01 1.322770e+01 1.470170e+01 1.664030e+01 1.941710e+01 2.354320e+01 2.991060e+01 3.940360e+01 5.388990e+01 7.484200e+01 1.046690e+02 1.460760e+02 2.010650e+02 2.724500e+02 3.611210e+02 4.684810e+02 
7.074980e-03 1.403940e-02 2.465460e-02 3.939110e-02 5.898220e-02 8.399250e-02 1.156180e-01 1.560810e-01 2.094680e-01 2.828670e-01 3.830840e-01 5.172860e-01 6.917400e-01 9.194310e-01 1.205520e+00 1.555870e+00 1.973770e+00 2.458880e+00 3.016850e+00 3.634800e+00 4.291670e+00 4.962070e+00 5.642360e+00 6.299680e+00 6.913220e+00 7.471100e+00 7.976590e+00 8.457340e+00 8.949160e+00 9.483830e+00 1.008230e+01 1.079510e+01 1.161500e+01 1.256670e+01 1.368560e+01 1.505840e+01 1.682720e+01 1.928760e+01 2.282000e+01 2.806020e+01 3.628660e+01 4.865590e+01 6.693820e+01 9.313360e+01 1.301330e+02 1.804750e+02 2.473530e+02 3.320800e+02 4.356920e+02 5.607260e+02 
9.292260e-03 1.776260e-02 3.049860e-02 4.774200e-02 7.044870e-02 9.936960e-02 1.358230e-01 1.825900e-01 2.451040e-01 3.308250e-01 4.464440e-01 6.010490e-01 8.000590e-01 1.059050e+00 1.383240e+00 1.778120e+00 2.244010e+00 2.787820e+00 3.411800e+00 4.091760e+00 4.809940e+00 5.536910e+00 6.279090e+00 6.987440e+00 7.647040e+00 8.241920e+00 8.794810e+00 9.332830e+00 9.887620e+00 1.050150e+01 1.119140e+01 1.200950e+01 1.294950e+01 1.405140e+01 1.534440e+01 1.697870e+01 1.914010e+01 2.216400e+01 2.661410e+01 3.346050e+01 4.378810e+01 5.919810e+01 8.221080e+01 1.144750e+02 1.593300e+02 2.201210e+02 2.992010e+02 3.983620e+02 5.190980e+02 6.619130e+02 
1.189520e-02 2.220910e-02 3.690200e-02 5.676140e-02 8.325800e-02 1.163100e-01 1.578100e-01 2.107660e-01 2.831660e-01 3.823690e-01 5.154050e-01 6.882000e-01 9.126690e-01 1.210160e+00 1.573690e+00 2.010760e+00 2.519830e+00 3.130830e+00 3.818050e+00 4.559890e+00 5.327980e+00 6.118650e+00 6.926060e+00 7.681800e+00 8.380610e+00 9.006700e+00 9.619770e+00 1.021250e+01 1.084050e+01 1.152020e+01 1.231240e+01 1.325400e+01 1.432630e+01 1.557100e+01 1.705360e+01 1.901550e+01 2.164020e+01 2.540990e+01 3.093700e+01 3.945810e+01 5.253100e+01 7.199680e+01 9.967190e+01 1.385110e+02 1.930550e+02 2.653270e+02 3.577270e+02 4.708400e+02 6.093340e+02 7.714760e+02 
1.499380e-02 2.692470e-02 4.389470e-02 6.737660e-02 9.716060e-02 1.340960e-01 1.804300e-01 2.418150e-01 3.255300e-01 4.372310e-01 5.847460e-01 7.789120e-01 1.040760e+00 1.367630e+00 1.766870e+00 2.241350e+00 2.817690e+00 3.490760e+00 4.230480e+00 5.020710e+00 5.848220e+00 6.724940e+00 7.570650e+00 8.369470e+00 9.095210e+00 9.789280e+00 1.044670e+01 1.109340e+01 1.177920e+01 1.254790e+01 1.347520e+01 1.451530e+01 1.571260e+01 1.710290e+01 1.888890e+01 2.119170e+01 2.432050e+01 2.886550e+01 3.586190e+01 4.669270e+01 6.267490e+01 8.608920e+01 1.194990e+02 1.672280e+02 2.315050e+02 3.150060e+02 4.199640e+02 5.509120e+02 7.094410e+02 8.884920e+02 
1.840840e-02 3.217470e-02 5.222630e-02 7.851960e-02 1.116640e-01 1.524120e-01 2.053090e-01 2.756780e-01 3.692800e-01 4.933830e-01 6.576990e-01 8.828760e-01 1.169510e+00 1.527930e+00 1.957490e+00 2.493330e+00 3.129680e+00 3.849430e+00 4.636430e+00 5.484090e+00 6.404920e+00 7.319970e+00 8.210830e+00 9.033820e+00 9.830120e+00 1.056580e+01 1.126480e+01 1.196300e+01 1.272510e+01 1.362140e+01 1.462830e+01 1.578600e+01 1.709800e+01 1.873900e+01 2.077300e+01 2.346350e+01 2.722380e+01 3.284050e+01 4.146670e+01 5.463330e+01 7.423180e+01 1.022590e+02 1.428890e+02 1.988680e+02 2.733840e+02 3.681720e+02 4.893000e+02 6.393330e+02 8.143690e+02 1.009750e+03 
2.208580e-02 3.864580e-02 6.122070e-02 9.025580e-02 1.258810e-01 1.726410e-01 2.327910e-01 3.112430e-01 4.125340e-01 5.514650e-01 7.424170e-01 9.893630e-01 1.300500e+00 1.681350e+00 2.172340e+00 2.758360e+00 3.439720e+00 4.193120e+00 5.049610e+00 5.987200e+00 6.950130e+00 7.905150e+00 8.822870e+00 9.726850e+00 1.055720e+01 1.133310e+01 1.205460e+01 1.283010e+01 1.370540e+01 1.468580e+01 1.577760e+01 1.702400e+01 1.857170e+01 2.041940e+01 2.274860e+01 2.577770e+01 3.028360e+01 3.723340e+01 4.798690e+01 6.368690e+01 8.644080e+01 1.209030e+02 1.691060e+02 2.336900e+02 3.160840e+02 4.270620e+02 5.665150e+02 7.328240e+02 9.208650e+02 1.133280e+03 
2.702340e-02 4.551020e-02 6.979840e-02 1.014970e-01 1.433340e-01 1.952950e-01 2.601590e-01 3.426620e-01 4.607980e-01 6.200830e-01 8.276290e-01 1.088110e+00 1.426090e+00 1.867950e+00 2.397850e+00 3.015090e+00 3.722160e+00 4.568680e+00 5.496940e+00 6.474060e+00 7.464410e+00 8.470640e+00 9.476180e+00 1.041090e+01 1.126590e+01 1.205120e+01 1.286790e+01 1.373600e+01 1.466910e+01 1.568650e+01 1.690680e+01 1.837790e+01 2.007710e+01 2.207540e+01 2.459970e+01 2.833420e+01 3.393360e+01 4.219830e+01 5.414530e+01 7.310060e+01 1.017830e+02 1.419750e+02 1.955250e+02 2.675570e+02 3.675400e+02 4.935610e+02 6.449730e+02 8.203470e+02 1.033340e+03 1.270690e+03 
3.155340e-02 5.107640e-02 7.953900e-02 1.160440e-01 1.606360e-01 2.149460e-01 2.859990e-01 3.850950e-01 5.148620e-01 6.830940e-01 8.991590e-01 1.202010e+00 1.583280e+00 2.046330e+00 2.594050e+00 3.262390e+00 4.067480e+00 4.954960e+00 5.915150e+00 6.919020e+00 8.009070e+00 9.074080e+00 1.010370e+01 1.104540e+01 1.194590e+01 1.282670e+01 1.368740e+01 1.457920e+01 1.555920e+01 1.677340e+01 1.812910e+01 1.968420e+01 2.143090e+01 2.372500e+01 2.685560e+01 3.116070e+01 3.728060e+01 4.657410e+01 6.217460e+01 8.505790e+01 1.169290e+02 1.600500e+02 2.243470e+02 3.114470e+02 4.207740e+02 5.545260e+02 7.200060e+02 9.254900e+02 1.155140e+03 1.402920e+03 
3.594070e-02 5.978100e-02 9.037540e-02 1.283500e-01 1.751790e-01 2.383270e-01 3.195360e-01 4.236420e-01 5.580040e-01 7.461340e-01 1.002180e+00 1.322200e+00 1.715910e+00 2.202830e+00 2.826460e+00 3.556180e+00 4.384260e+00 5.296120e+00 6.326000e+00 7.434260e+00 8.548500e+00 9.634260e+00 1.068500e+01 1.170740e+01 1.265840e+01 1.354810e+01 1.441980e+01 1.543500e+01 1.658030e+01 1.783940e+01 1.923910e+01 2.088510e+01 2.300250e+01 2.557630e+01 2.888820e+01 3.343390e+01 4.111270e+01 5.305080e+01 7.028400e+01 9.477610e+01 1.311560e+02 1.861520e+02 2.579560e+02 3.501640e+02 4.660640e+02 6.230400e+02 8.115580e+02 1.027140e+03 1.264790e+03 1.529680e+03 
4.226710e-02 6.717490e-02 9.901960e-02 1.414720e-01 1.958360e-01 2.622650e-01 3.463910e-01 4.568830e-01 6.179830e-01 8.232730e-01 1.088620e+00 1.418370e+00 1.861480e+00 2.410870e+00 3.056110e+00 3.809620e+00 4.675630e+00 5.694890e+00 6.768890e+00 7.906760e+00 9.032390e+00 1.019650e+01 1.131200e+01 1.234800e+01 1.331010e+01 1.423770e+01 1.525610e+01 1.631600e+01 1.749510e+01 1.877770e+01 2.040990e+01 2.228420e+01 2.446940e+01 2.713690e+01 3.089840e+01 3.683540e+01 4.539720e+01 5.807090e+01 7.675110e+01 1.079870e+02 1.510570e+02 2.090890e+02 2.849400e+02 3.900120e+02 5.291370e+02 6.952850e+02 8.916680e+02 1.116800e+03 1.386840e+03 1.668790e+03 
6.407850e-02 9.927450e-02 1.436040e-01 1.987190e-01 2.658280e-01 3.553170e-01 4.749420e-01 6.312180e-01 8.346500e-01 1.099480e+00 1.462020e+00 1.912400e+00 2.468300e+00 3.130390e+00 3.949010e+00 4.900660e+00 5.976420e+00 7.143970e+00 8.397700e+00 9.727760e+00 1.104570e+01 1.232870e+01 1.354460e+01 1.472950e+01 1.586020e+01 1.699700e+01 1.818620e+01 1.951810e+01 2.107600e+01 2.283430e+01 2.484540e+01 2.716530e+01 3.025580e+01 3.435920e+01 4.013610e+01 4.858420e+01 6.203990e+01 8.404930e+01 1.156450e+02 1.603980e+02 2.207670e+02 3.098850e+02 4.258730e+02 5.725250e+02 7.504560e+02 9.704450e+02 1.234000e+03 1.527400e+03 1.845190e+03 2.174880e+03 
9.036800e-02 1.335530e-01 1.864260e-01 2.550680e-01 3.434370e-01 4.564700e-01 6.040920e-01 7.981020e-01 1.066590e+00 1.409310e+00 1.847530e+00 2.380350e+00 3.064490e+00 3.886700e+00 4.847160e+00 5.936250e+00 7.159800e+00 8.528500e+00 9.945350e+00 1.139260e+01 1.280040e+01 1.422590e+01 1.556690e+01 1.685050e+01 1.809060e+01 1.941070e+01 2.089800e+01 2.253020e+01 2.436380e+01 2.640560e+01 2.896620e+01 3.203040e+01 3.595710e+01 4.125740e+01 4.942410e+01 6.275030e+01 8.289050e+01 1.128830e+02 1.553890e+02 2.196080e+02 3.063190e+02 4.216800e+02 5.669740e+02 7.534620e+02 9.862110e+02 1.257380e+03 1.566800e+03 1.904470e+03 2.276570e+03 2.650170e+03 
1.153970e-01 1.667380e-01 2.314680e-01 3.129300e-01 4.165190e-01 5.523570e-01 7.374830e-01 9.800110e-01 1.296700e+00 1.697910e+00 2.221260e+00 2.867010e+00 3.652230e+00 4.575630e+00 5.666660e+00 6.922850e+00 8.291670e+00 9.753370e+00 1.127590e+01 1.285740e+01 1.439010e+01 1.586570e+01 1.726960e+01 1.866200e+01 2.010070e+01 2.162770e+01 2.329400e+01 2.513980e+01 2.730680e+01 2.978930e+01 3.274760e+01 3.637710e+01 4.129040e+01 4.871540e+01 6.009450e+01 7.767170e+01 1.038540e+02 1.443050e+02 2.024610e+02 2.835100e+02 3.901800e+02 5.321020e+02 7.153410e+02 9.405080e+02 1.208910e+03 1.520520e+03 1.879110e+03 2.261120e+03 2.660830e+03 3.059160e+03 
1.402520e-01 1.984900e-01 2.730130e-01 3.678670e-01 4.892590e-01 6.512610e-01 8.667920e-01 1.150670e+00 1.519680e+00 1.984540e+00 2.574330e+00 3.309450e+00 4.197250e+00 5.231750e+00 6.427470e+00 7.777770e+00 9.274480e+00 1.084540e+01 1.246170e+01 1.408060e+01 1.569850e+01 1.724870e+01 1.875090e+01 2.025040e+01 2.182060e+01 2.352980e+01 2.539500e+01 2.746690e+01 2.985900e+01 3.270780e+01 3.613840e+01 4.048580e+01 4.673600e+01 5.622450e+01 7.075310e+01 9.313670e+01 1.272630e+02 1.776720e+02 2.486040e+02 3.472160e+02 4.744600e+02 6.427370e+02 8.563220e+02 1.116180e+03 1.420400e+03 1.766710e+03 2.152180e+03 2.568510e+03 2.997250e+03 3.415080e+03 
1.640340e-01 2.299490e-01 3.106720e-01 4.173210e-01 5.595100e-01 7.465900e-01 9.912630e-01 1.304240e+00 1.725870e+00 2.254800e+00 2.919070e+00 3.699480e+00 4.671470e+00 5.817070e+00 7.120710e+00 8.545870e+00 1.007990e+01 1.175950e+01 1.345770e+01 1.515540e+01 1.675450e+01 1.838410e+01 1.998990e+01 2.161820e+01 2.329070e+01 2.509830e+01 2.718410e+01 2.949890e+01 3.215960e+01 3.516680e+01 3.913630e+01 4.442590e+01 5.208690e+01 6.353320e+01 8.125220e+01 1.093950e+02 1.510830e+02 2.115990e+02 2.929890e+02 4.084320e+02 5.585840e+02 7.518280e+02 9.846730e+02 1.269240e+03 1.608540e+03 1.987590e+03 2.398290e+03 2.821830e+03 3.274510e+03 3.708950e+03 
