#n_z 
53 
#n_E_g 
101 
#Redshift z 
0.00 0.01 0.02 0.03 0.04 0.05 0.06 0.07 0.08 0.09 0.10 0.11 0.15 0.20 0.25 0.30 0.35 0.40 0.45 0.50 0.55 0.60 0.65 0.70 0.75 0.80 0.85 0.90 0.95 1.00 1.20 1.40 1.60 1.80 2.00 2.20 2.40 2.60 2.80 3.00 3.20 3.40 3.60 3.80 4.00 4.20 4.40 4.60 4.80 5.00 5.50 6.00 6.50 
#Observed photon energy E_g [eV] 
1.000000e+09 1.122019e+09 1.258926e+09 1.412536e+09 1.584893e+09 1.778279e+09 1.995263e+09 2.238723e+09 2.511884e+09 2.818382e+09 3.162278e+09 3.548136e+09 3.981075e+09 4.466832e+09 5.011870e+09 5.623413e+09 6.309576e+09 7.079464e+09 7.943275e+09 8.912506e+09 1.000000e+10 1.122019e+10 1.258926e+10 1.412536e+10 1.584892e+10 1.778280e+10 1.995263e+10 2.238723e+10 2.511884e+10 2.818382e+10 3.162278e+10 3.548136e+10 3.981075e+10 4.466832e+10 5.011870e+10 5.623413e+10 6.309576e+10 7.079464e+10 7.943275e+10 8.912506e+10 1.000000e+11 1.122019e+11 1.258926e+11 1.412536e+11 1.584892e+11 1.778279e+11 1.995263e+11 2.238723e+11 2.511884e+11 2.818382e+11 3.162278e+11 3.548135e+11 3.981075e+11 4.466832e+11 5.011870e+11 5.623414e+11 6.309576e+11 7.079464e+11 7.943275e+11 8.912506e+11 1.000000e+12 1.122019e+12 1.258926e+12 1.412536e+12 1.584892e+12 1.778279e+12 1.995263e+12 2.238723e+12 2.511884e+12 2.818382e+12 3.162278e+12 3.548136e+12 3.981075e+12 4.466832e+12 5.011870e+12 5.623414e+12 6.309576e+12 7.079464e+12 7.943275e+12 8.912506e+12 1.000000e+13 1.122019e+13 1.258926e+13 1.412536e+13 1.584896e+13 1.778279e+13 1.995263e+13 2.238723e+13 2.511884e+13 2.818388e+13 3.162278e+13 3.548135e+13 3.981075e+13 4.466832e+13 5.011881e+13 5.623413e+13 6.309576e+13 7.079464e+13 7.943275e+13 8.912526e+13 1.000000e+14 
#Optical depth from emission tau 
0.000000e+00 0.000000e+00 0.000000e+00 0.000000e+00 0.000000e+00 0.000000e+00 0.000000e+00 0.000000e+00 0.000000e+00 0.000000e+00 0.000000e+00 0.000000e+00 0.000000e+00 0.000000e+00 0.000000e+00 0.000000e+00 0.000000e+00 0.000000e+00 0.000000e+00 0.000000e+00 0.000000e+00 0.000000e+00 0.000000e+00 0.000000e+00 0.000000e+00 0.000000e+00 0.000000e+00 0.000000e+00 0.000000e+00 0.000000e+00 0.000000e+00 0.000000e+00 0.000000e+00 0.000000e+00 0.000000e+00 0.000000e+00 0.000000e+00 0.000000e+00 0.000000e+00 0.000000e+00 0.000000e+00 0.000000e+00 0.000000e+00 0.000000e+00 0.000000e+00 0.000000e+00 0.000000e+00 0.000000e+00 0.000000e+00 0.000000e+00 0.000000e+00 0.000000e+00 0.000000e+00 0.000000e+00 0.000000e+00 0.000000e+00 0.000000e+00 0.000000e+00 0.000000e+00 0.000000e+00 0.000000e+00 0.000000e+00 0.000000e+00 0.000000e+00 0.000000e+00 0.000000e+00 0.000000e+00 0.000000e+00 0.000000e+00 0.000000e+00 0.000000e+00 0.000000e+00 0.000000e+00 0.000000e+00 0.000000e+00 0.000000e+00 0.000000e+00 0.000000e+00 0.000000e+00 0.000000e+00 0.000000e+00 0.000000e+00 0.000000e+00 0.000000e+00 0.000000e+00 0.000000e+00 0.000000e+00 0.000000e+00 0.000000e+00 0.000000e+00 0.000000e+00 0.000000e+00 0.000000e+00 0.000000e+00 0.000000e+00 0.000000e+00 0.000000e+00 0.000000e+00 0.000000e+00 0.000000e+00 0.000000e+00 
0.000000e+00 0.000000e+00 0.000000e+00 0.000000e+00 0.000000e+00 0.000000e+00 0.000000e+00 0.000000e+00 0.000000e+00 0.000000e+00 0.000000e+00 0.000000e+00 0.000000e+00 0.000000e+00 0.000000e+00 0.000000e+00 0.000000e+00 0.000000e+00 0.000000e+00 3.236981e-08 1.646316e-07 4.660886e-07 1.024006e-06 1.957556e-06 3.428108e-06 5.647341e-06 8.946348e-06 1.403483e-05 2.257166e-05 3.758396e-05 6.335089e-05 1.052257e-04 1.695088e-04 2.632058e-04 3.938574e-04 5.695892e-04 7.993476e-04 1.093201e-03 1.462865e-03 1.923207e-03 2.495923e-03 3.212001e-03 4.110639e-03 5.239171e-03 6.654224e-03 8.419192e-03 1.060136e-02 1.327253e-02 1.650491e-02 2.036237e-02 2.489293e-02 3.012901e-02 3.608728e-02 4.276216e-02 5.011679e-02 5.806951e-02 6.649279e-02 7.523146e-02 8.410918e-02 9.295080e-02 1.016004e-01 1.098888e-01 1.176481e-01 1.247591e-01 1.311832e-01 1.369744e-01 1.422753e-01 1.472683e-01 1.521212e-01 1.570442e-01 1.623004e-01 1.681514e-01 1.748689e-01 1.827120e-01 1.919098e-01 2.027336e-01 2.155519e-01 2.308836e-01 2.495334e-01 2.727512e-01 3.023235e-01 3.406931e-01 3.911376e-01 4.578451e-01 5.461024e-01 6.623402e-01 8.142118e-01 1.010584e+00 1.261288e+00 1.576864e+00 1.967590e+00 2.442645e+00 3.008715e+00 3.668429e+00 4.420045e+00 5.255418e+00 6.161387e+00 7.119185e+00 8.105730e+00 9.096445e+00 1.001743e+01 
0.000000e+00 0.000000e+00 0.000000e+00 0.000000e+00 0.000000e+00 0.000000e+00 0.000000e+00 0.000000e+00 0.000000e+00 0.000000e+00 0.000000e+00 0.000000e+00 0.000000e+00 0.000000e+00 0.000000e+00 0.000000e+00 0.000000e+00 0.000000e+00 0.000000e+00 7.023692e-08 3.457794e-07 9.671855e-07 2.110626e-06 4.018861e-06 7.018554e-06 1.153985e-05 1.826095e-05 2.864844e-05 4.613561e-05 7.690481e-05 1.296360e-04 2.151460e-04 3.461367e-04 5.367018e-04 8.020148e-04 1.158423e-03 1.623910e-03 2.218721e-03 2.966440e-03 3.897097e-03 5.054785e-03 6.502127e-03 8.318123e-03 1.059807e-02 1.345597e-02 1.701882e-02 2.142152e-02 2.680775e-02 3.332124e-02 4.108835e-02 5.020324e-02 6.072910e-02 7.269717e-02 8.609396e-02 1.008422e-01 1.167742e-01 1.336314e-01 1.511022e-01 1.688317e-01 1.864725e-01 2.037129e-01 2.202130e-01 2.356405e-01 2.497633e-01 2.625135e-01 2.740077e-01 2.845414e-01 2.944778e-01 3.041553e-01 3.140026e-01 3.245474e-01 3.363128e-01 3.498419e-01 3.656476e-01 3.841856e-01 4.060071e-01 4.318576e-01 4.627896e-01 5.004486e-01 5.473810e-01 6.072178e-01 6.849211e-01 7.871371e-01 9.223373e-01 1.101233e+00 1.336793e+00 1.644479e+00 2.042117e+00 2.549485e+00 3.187683e+00 3.977198e+00 4.936214e+00 6.077745e+00 7.406550e+00 8.918665e+00 1.059692e+01 1.241475e+01 1.433356e+01 1.630740e+01 1.828631e+01 2.011564e+01 
0.000000e+00 0.000000e+00 0.000000e+00 0.000000e+00 0.000000e+00 0.000000e+00 0.000000e+00 0.000000e+00 0.000000e+00 0.000000e+00 0.000000e+00 0.000000e+00 0.000000e+00 0.000000e+00 0.000000e+00 0.000000e+00 0.000000e+00 0.000000e+00 0.000000e+00 1.165347e-07 5.525991e-07 1.520907e-06 3.292203e-06 6.239686e-06 1.086452e-05 1.782272e-05 2.816658e-05 4.419359e-05 7.128279e-05 1.189737e-04 2.005293e-04 3.324382e-04 5.340269e-04 8.266929e-04 1.233465e-03 1.779167e-03 2.491098e-03 3.399935e-03 4.541451e-03 5.961340e-03 7.727187e-03 9.934266e-03 1.270227e-02 1.617575e-02 2.052759e-02 2.594926e-02 3.264411e-02 4.082867e-02 5.071803e-02 6.249959e-02 7.631177e-02 9.224720e-02 1.103494e-01 1.305937e-01 1.528576e-01 1.768814e-01 2.022706e-01 2.285553e-01 2.551970e-01 2.816778e-01 3.075284e-01 3.322333e-01 3.552996e-01 3.763895e-01 3.954177e-01 4.125718e-01 4.283126e-01 4.431892e-01 4.577124e-01 4.725472e-01 4.884888e-01 5.063230e-01 5.268684e-01 5.508881e-01 5.790679e-01 6.122459e-01 6.515619e-01 6.986282e-01 7.559827e-01 8.275493e-01 9.188943e-01 1.037624e+00 1.193913e+00 1.400694e+00 1.674351e+00 2.034616e+00 2.505059e+00 3.112712e+00 3.887551e+00 4.861405e+00 6.064969e+00 7.525310e+00 9.261356e+00 1.127937e+01 1.357253e+01 1.611339e+01 1.886159e+01 2.175710e+01 2.473105e+01 2.770701e+01 3.043870e+01 
0.000000e+00 0.000000e+00 0.000000e+00 0.000000e+00 0.000000e+00 0.000000e+00 0.000000e+00 0.000000e+00 0.000000e+00 0.000000e+00 0.000000e+00 0.000000e+00 0.000000e+00 0.000000e+00 0.000000e+00 0.000000e+00 0.000000e+00 0.000000e+00 0.000000e+00 1.700147e-07 7.827259e-07 2.126373e-06 4.572427e-06 8.628619e-06 1.498179e-05 2.452347e-05 3.870790e-05 6.073918e-05 9.811791e-05 1.639669e-04 2.763648e-04 4.577183e-04 7.342008e-04 1.134737e-03 1.690462e-03 2.434938e-03 3.405043e-03 4.642163e-03 6.194588e-03 8.124182e-03 1.052311e-02 1.352045e-02 1.727781e-02 2.199053e-02 2.789185e-02 3.523875e-02 4.430415e-02 5.537835e-02 6.874767e-02 8.465953e-02 1.032948e-01 1.247736e-01 1.491492e-01 1.763826e-01 2.063018e-01 2.385487e-01 2.725871e-01 3.077845e-01 3.434144e-01 3.787895e-01 4.132818e-01 4.461967e-01 4.768842e-01 5.049049e-01 5.301680e-01 5.529452e-01 5.738770e-01 5.937037e-01 6.131116e-01 6.330157e-01 6.544794e-01 6.785582e-01 7.063515e-01 7.388658e-01 7.770222e-01 8.219528e-01 8.752086e-01 9.389939e-01 1.016796e+00 1.114000e+00 1.238212e+00 1.399823e+00 1.612714e+00 1.894480e+00 2.267443e+00 2.758353e+00 3.399208e+00 4.226521e+00 5.280735e+00 6.604601e+00 8.239018e+00 1.021983e+01 1.257142e+01 1.530087e+01 1.839783e+01 2.182328e+01 2.552247e+01 2.941241e+01 3.340096e+01 3.738436e+01 4.101613e+01 
0.000000e+00 0.000000e+00 0.000000e+00 0.000000e+00 0.000000e+00 0.000000e+00 0.000000e+00 0.000000e+00 0.000000e+00 0.000000e+00 0.000000e+00 0.000000e+00 0.000000e+00 0.000000e+00 0.000000e+00 0.000000e+00 0.000000e+00 0.000000e+00 0.000000e+00 2.316911e-07 1.037210e-06 2.786728e-06 5.955028e-06 1.119322e-05 1.938086e-05 3.165666e-05 4.990670e-05 7.832142e-05 1.267093e-04 2.119989e-04 3.573271e-04 5.912611e-04 9.470555e-04 1.461377e-03 2.173709e-03 3.126607e-03 4.366788e-03 5.946597e-03 7.927169e-03 1.038704e-02 1.344407e-02 1.726220e-02 2.204632e-02 2.804398e-02 3.555036e-02 4.488882e-02 5.640297e-02 7.045760e-02 8.741012e-02 1.075667e-01 1.311489e-01 1.583023e-01 1.890873e-01 2.234475e-01 2.611566e-01 3.017524e-01 3.445509e-01 3.887534e-01 4.334402e-01 4.777569e-01 5.209146e-01 5.620383e-01 6.003233e-01 6.352343e-01 6.666872e-01 6.950486e-01 7.211564e-01 7.459448e-01 7.702818e-01 7.953416e-01 8.224585e-01 8.529635e-01 8.882391e-01 9.295338e-01 9.780045e-01 1.035086e+00 1.102760e+00 1.183854e+00 1.282865e+00 1.406726e+00 1.565190e+00 1.771579e+00 2.043662e+00 2.403897e+00 2.880821e+00 3.508438e+00 4.327519e+00 5.384294e+00 6.729969e+00 8.418344e+00 1.050055e+01 1.302100e+01 1.600912e+01 1.947209e+01 2.339528e+01 2.772673e+01 3.239694e+01 3.729800e+01 4.231493e+01 4.731479e+01 5.184266e+01 
0.000000e+00 0.000000e+00 0.000000e+00 0.000000e+00 0.000000e+00 0.000000e+00 0.000000e+00 0.000000e+00 0.000000e+00 0.000000e+00 0.000000e+00 0.000000e+00 0.000000e+00 0.000000e+00 0.000000e+00 0.000000e+00 0.000000e+00 0.000000e+00 2.061509e-09 3.072923e-07 1.329074e-06 3.521630e-06 7.470451e-06 1.397940e-05 2.412972e-05 3.932407e-05 6.192539e-05 9.722849e-05 1.575751e-04 2.639471e-04 4.447695e-04 7.350246e-04 1.175320e-03 1.810328e-03 2.688173e-03 3.860701e-03 5.384745e-03 7.323886e-03 9.752443e-03 1.276623e-02 1.650999e-02 2.118370e-02 2.703666e-02 3.437019e-02 4.354285e-02 5.494518e-02 6.899234e-02 8.612413e-02 1.067684e-01 1.312885e-01 1.599442e-01 1.929051e-01 2.302356e-01 2.718583e-01 3.174874e-01 3.665502e-01 4.182104e-01 4.715000e-01 5.253026e-01 5.785983e-01 6.304355e-01 6.797562e-01 7.256051e-01 7.673617e-01 8.049599e-01 8.388740e-01 8.701532e-01 8.999286e-01 9.292554e-01 9.595801e-01 9.925124e-01 1.029660e+00 1.072693e+00 1.123099e+00 1.182272e+00 1.251967e+00 1.334617e+00 1.433718e+00 1.554855e+00 1.706607e+00 1.901007e+00 2.154476e+00 2.488885e+00 2.931795e+00 3.518255e+00 4.289812e+00 5.296340e+00 6.594066e+00 8.245208e+00 1.031472e+01 1.286388e+01 1.594542e+01 1.959314e+01 2.381354e+01 2.858676e+01 3.384671e+01 3.950827e+01 4.543734e+01 5.149572e+01 5.751785e+01 6.293439e+01 
0.000000e+00 0.000000e+00 0.000000e+00 0.000000e+00 0.000000e+00 0.000000e+00 0.000000e+00 0.000000e+00 0.000000e+00 0.000000e+00 0.000000e+00 0.000000e+00 0.000000e+00 0.000000e+00 0.000000e+00 0.000000e+00 0.000000e+00 0.000000e+00 8.828554e-09 3.996962e-07 1.662353e-06 4.338290e-06 9.131206e-06 1.700707e-05 2.925893e-05 4.757754e-05 7.485805e-05 1.176420e-04 1.910175e-04 3.202662e-04 5.393592e-04 8.899675e-04 1.420347e-03 2.183491e-03 3.236497e-03 4.640798e-03 6.463612e-03 8.780042e-03 1.167794e-02 1.527112e-02 1.973217e-02 2.529831e-02 3.226462e-02 4.098769e-02 5.189071e-02 6.543248e-02 8.210056e-02 1.024099e-01 1.268581e-01 1.558638e-01 1.897236e-01 2.286281e-01 2.726435e-01 3.216669e-01 3.753478e-01 4.329978e-01 4.936235e-01 5.560833e-01 6.190633e-01 6.813759e-01 7.419055e-01 7.994113e-01 8.527918e-01 9.013516e-01 9.450528e-01 9.844939e-01 1.020944e+00 1.055738e+00 1.090129e+00 1.125841e+00 1.164767e+00 1.208795e+00 1.259883e+00 1.319757e+00 1.390055e+00 1.472864e+00 1.571096e+00 1.688970e+00 1.833238e+00 2.014238e+00 2.246423e+00 2.549504e+00 2.949674e+00 3.479877e+00 4.181961e+00 5.105355e+00 6.309336e+00 7.860448e+00 9.832132e+00 1.230059e+01 1.533716e+01 1.900247e+01 2.333415e+01 2.833713e+01 3.398521e+01 4.019723e+01 4.687096e+01 5.384571e+01 6.095870e+01 6.800596e+01 7.430675e+01 
0.000000e+00 0.000000e+00 0.000000e+00 0.000000e+00 0.000000e+00 0.000000e+00 0.000000e+00 0.000000e+00 0.000000e+00 0.000000e+00 0.000000e+00 0.000000e+00 0.000000e+00 0.000000e+00 0.000000e+00 0.000000e+00 0.000000e+00 0.000000e+00 1.830927e-08 5.068564e-07 2.033244e-06 5.233440e-06 1.093457e-05 2.027226e-05 3.476549e-05 5.641038e-05 8.868557e-05 1.395048e-04 2.269343e-04 3.808123e-04 6.409391e-04 1.055963e-03 1.682072e-03 2.580908e-03 3.818872e-03 5.467258e-03 7.603916e-03 1.031571e-02 1.370431e-02 1.790215e-02 2.311079e-02 2.960585e-02 3.772973e-02 4.789590e-02 6.059339e-02 7.635045e-02 9.572794e-02 1.193161e-01 1.476818e-01 1.812973e-01 2.204933e-01 2.654796e-01 3.163209e-01 3.728857e-01 4.347528e-01 5.011123e-01 5.708088e-01 6.425224e-01 7.147394e-01 7.861049e-01 8.553367e-01 9.210115e-01 9.818868e-01 1.037199e+00 1.086954e+00 1.131889e+00 1.173506e+00 1.213351e+00 1.252880e+00 1.294105e+00 1.339204e+00 1.390355e+00 1.449803e+00 1.519507e+00 1.601350e+00 1.697774e+00 1.812191e+00 1.949594e+00 2.117986e+00 2.329573e+00 2.601381e+00 2.956598e+00 3.425971e+00 4.048091e+00 4.871927e+00 5.955093e+00 7.366617e+00 9.183638e+00 1.149107e+01 1.437647e+01 1.792109e+01 2.219316e+01 2.723342e+01 3.304440e+01 3.959245e+01 4.678010e+01 5.448710e+01 6.252472e+01 7.070540e+01 7.878266e+01 8.596136e+01 
0.000000e+00 0.000000e+00 0.000000e+00 0.000000e+00 0.000000e+00 0.000000e+00 0.000000e+00 0.000000e+00 0.000000e+00 0.000000e+00 0.000000e+00 0.000000e+00 0.000000e+00 0.000000e+00 0.000000e+00 0.000000e+00 0.000000e+00 0.000000e+00 3.438669e-08 6.373457e-07 2.456322e-06 6.228623e-06 1.291215e-05 2.382020e-05 4.071161e-05 6.591373e-05 1.035641e-04 1.631279e-04 2.658935e-04 4.464997e-04 7.508458e-04 1.234838e-03 1.962869e-03 3.005545e-03 4.438881e-03 6.344302e-03 8.810547e-03 1.193650e-02 1.583807e-02 2.066723e-02 2.665565e-02 3.411857e-02 4.344722e-02 5.511350e-02 6.967331e-02 8.772535e-02 1.099046e-01 1.368765e-01 1.692756e-01 2.076263e-01 2.522912e-01 3.034965e-01 3.613026e-01 4.255444e-01 4.957248e-01 5.709060e-01 6.497669e-01 7.308052e-01 8.123069e-01 8.927503e-01 9.706824e-01 1.044500e+00 1.112827e+00 1.174840e+00 1.230605e+00 1.281013e+00 1.327807e+00 1.372745e+00 1.417501e+00 1.464380e+00 1.515847e+00 1.574380e+00 1.642503e+00 1.722407e+00 1.816236e+00 1.926795e+00 2.058038e+00 2.215790e+00 2.409401e+00 2.653062e+00 2.966528e+00 3.376673e+00 3.919023e+00 4.638107e+00 5.590311e+00 6.841760e+00 8.471542e+00 1.056767e+01 1.322672e+01 1.654761e+01 2.062132e+01 2.552324e+01 3.129642e+01 3.794019e+01 4.541212e+01 5.359756e+01 6.235689e+01 7.147267e+01 8.073185e+01 8.983757e+01 9.788400e+01 
0.000000e+00 0.000000e+00 0.000000e+00 0.000000e+00 0.000000e+00 0.000000e+00 0.000000e+00 0.000000e+00 0.000000e+00 0.000000e+00 0.000000e+00 0.000000e+00 0.000000e+00 0.000000e+00 0.000000e+00 0.000000e+00 0.000000e+00 0.000000e+00 5.623219e-08 7.879784e-07 2.928540e-06 7.318276e-06 1.505447e-05 2.763931e-05 4.708011e-05 7.606143e-05 1.194471e-04 1.884205e-04 3.077267e-04 5.170669e-04 8.686927e-04 1.426042e-03 2.262018e-03 3.456477e-03 5.095326e-03 7.270391e-03 1.008152e-02 1.363987e-02 1.807590e-02 2.356196e-02 3.036092e-02 3.882897e-02 4.940749e-02 6.262835e-02 7.911553e-02 9.953904e-02 1.246085e-01 1.550647e-01 1.916089e-01 2.348152e-01 2.850763e-01 3.426325e-01 4.075366e-01 4.795859e-01 5.582017e-01 6.423127e-01 7.304281e-01 8.208584e-01 9.116899e-01 1.001232e+00 1.087861e+00 1.169794e+00 1.245526e+00 1.314189e+00 1.375917e+00 1.431773e+00 1.483750e+00 1.533823e+00 1.583891e+00 1.636558e+00 1.694586e+00 1.760749e+00 1.837852e+00 1.928319e+00 2.034555e+00 2.159754e+00 2.308439e+00 2.487327e+00 2.707205e+00 2.984367e+00 3.341455e+00 3.809218e+00 4.428192e+00 5.249129e+00 6.336104e+00 7.764096e+00 9.622520e+00 1.201056e+01 1.503661e+01 1.881098e+01 2.343423e+01 2.898839e+01 3.551814e+01 4.301873e+01 5.143768e+01 6.064240e+01 7.047226e+01 8.068102e+01 9.102871e+01 1.011623e+02 1.100683e+02 
0.000000e+00 0.000000e+00 0.000000e+00 0.000000e+00 0.000000e+00 0.000000e+00 0.000000e+00 0.000000e+00 0.000000e+00 0.000000e+00 0.000000e+00 0.000000e+00 0.000000e+00 0.000000e+00 0.000000e+00 0.000000e+00 0.000000e+00 0.000000e+00 8.274234e-08 9.574341e-07 3.445976e-06 8.495803e-06 1.735087e-05 3.171202e-05 5.384441e-05 8.681244e-05 1.362680e-04 2.152685e-04 3.522437e-04 5.921968e-04 9.939752e-04 1.628814e-03 2.578405e-03 3.932139e-03 5.786085e-03 8.242711e-03 1.141320e-02 1.542116e-02 2.041189e-02 2.657887e-02 3.421725e-02 4.372530e-02 5.559584e-02 7.042208e-02 8.889721e-02 1.117633e-01 1.398052e-01 1.738391e-01 2.146320e-01 2.628058e-01 3.187811e-01 3.828106e-01 4.549369e-01 5.349153e-01 6.220807e-01 7.152230e-01 8.126776e-01 9.125642e-01 1.012768e+00 1.111430e+00 1.206753e+00 1.296777e+00 1.379872e+00 1.455136e+00 1.522783e+00 1.584062e+00 1.641226e+00 1.696472e+00 1.751930e+00 1.810509e+00 1.875276e+00 1.949300e+00 2.035670e+00 2.137039e+00 2.256080e+00 2.396392e+00 2.563099e+00 2.763866e+00 3.011000e+00 3.323012e+00 3.725571e+00 4.253492e+00 4.952537e+00 5.879940e+00 7.107741e+00 8.720070e+00 1.081695e+01 1.350899e+01 1.691660e+01 2.116145e+01 2.635352e+01 3.258108e+01 3.988973e+01 4.826981e+01 5.765769e+01 6.790194e+01 7.881977e+01 9.013541e+01 1.015814e+02 1.127434e+02 1.225010e+02 
0.000000e+00 0.000000e+00 0.000000e+00 0.000000e+00 0.000000e+00 0.000000e+00 0.000000e+00 0.000000e+00 0.000000e+00 0.000000e+00 0.000000e+00 0.000000e+00 0.000000e+00 0.000000e+00 0.000000e+00 0.000000e+00 0.000000e+00 0.000000e+00 2.721950e-07 1.902508e-06 6.099601e-06 1.430023e-05 2.840601e-05 5.100347e-05 8.550986e-05 1.368099e-04 2.145553e-04 3.413472e-04 5.627473e-04 9.473323e-04 1.582886e-03 2.574430e-03 4.041405e-03 6.114130e-03 8.931771e-03 1.264150e-02 1.740181e-02 2.338831e-02 3.080932e-02 3.995323e-02 5.125540e-02 6.529446e-02 8.278307e-02 1.045735e-01 1.316439e-01 1.650318e-01 2.058282e-01 2.551464e-01 3.140026e-01 3.831873e-01 4.632145e-01 5.543618e-01 6.566002e-01 7.694749e-01 8.919174e-01 1.022108e+00 1.157658e+00 1.295880e+00 1.433871e+00 1.569092e+00 1.699029e+00 1.821042e+00 1.933075e+00 2.034209e+00 2.125111e+00 2.207934e+00 2.286004e+00 2.362433e+00 2.440387e+00 2.524041e+00 2.617707e+00 2.725685e+00 2.852133e+00 3.000622e+00 3.175033e+00 3.380779e+00 3.625756e+00 3.922115e+00 4.289181e+00 4.755541e+00 5.360572e+00 6.157351e+00 7.214714e+00 8.618688e+00 1.047571e+01 1.290965e+01 1.606548e+01 2.010188e+01 2.518846e+01 3.149175e+01 3.915684e+01 4.829151e+01 5.893685e+01 7.105586e+01 8.452654e+01 9.911646e+01 1.145390e+02 1.303995e+02 1.463109e+02 1.615330e+02 1.745800e+02 
0.000000e+00 0.000000e+00 0.000000e+00 0.000000e+00 0.000000e+00 0.000000e+00 0.000000e+00 0.000000e+00 0.000000e+00 0.000000e+00 0.000000e+00 0.000000e+00 0.000000e+00 0.000000e+00 0.000000e+00 0.000000e+00 0.000000e+00 1.368704e-08 7.435318e-07 3.772331e-06 1.087186e-05 2.421106e-05 4.668537e-05 8.220219e-05 1.358942e-04 2.157152e-04 3.385316e-04 5.437492e-04 9.036109e-04 1.521177e-03 2.525734e-03 4.070068e-03 6.326452e-03 9.482029e-03 1.373429e-02 1.929035e-02 2.637141e-02 3.522231e-02 4.613865e-02 5.955173e-02 7.609662e-02 9.660376e-02 1.220895e-01 1.537568e-01 1.929552e-01 2.411045e-01 2.996841e-01 3.701670e-01 4.538432e-01 5.516619e-01 6.642160e-01 7.917602e-01 9.341072e-01 1.090443e+00 1.259071e+00 1.437297e+00 1.621774e+00 1.808720e+00 1.994294e+00 2.175099e+00 2.347677e+00 2.508637e+00 2.655558e+00 2.787783e+00 2.906838e+00 3.016334e+00 3.120997e+00 3.225093e+00 3.333343e+00 3.451580e+00 3.585736e+00 3.741677e+00 3.924769e+00 4.139774e+00 4.392369e+00 4.690763e+00 5.047216e+00 5.481074e+00 6.022648e+00 6.715851e+00 7.620715e+00 8.817601e+00 1.040888e+01 1.252280e+01 1.531394e+01 1.896247e+01 2.367428e+01 2.967269e+01 3.719017e+01 4.644628e+01 5.762316e+01 7.083975e+01 8.611261e+01 1.033537e+02 1.223378e+02 1.427216e+02 1.640558e+02 1.857993e+02 2.073822e+02 2.275029e+02 2.443662e+02 
0.000000e+00 0.000000e+00 0.000000e+00 0.000000e+00 0.000000e+00 0.000000e+00 0.000000e+00 0.000000e+00 0.000000e+00 0.000000e+00 0.000000e+00 0.000000e+00 0.000000e+00 0.000000e+00 0.000000e+00 0.000000e+00 0.000000e+00 1.472006e-07 1.716268e-06 6.855809e-06 1.802473e-05 3.829784e-05 7.179920e-05 1.240475e-04 2.024748e-04 3.197540e-04 5.040786e-04 8.178254e-04 1.366324e-03 2.293857e-03 3.778541e-03 6.028601e-03 9.276679e-03 1.377278e-02 1.977700e-02 2.755923e-02 3.740542e-02 4.963353e-02 6.464293e-02 8.303553e-02 1.056754e-01 1.336759e-01 1.683880e-01 2.113880e-01 2.644100e-01 3.292632e-01 4.078091e-01 5.018479e-01 6.128881e-01 7.419831e-01 8.897521e-01 1.056361e+00 1.241379e+00 1.443510e+00 1.660294e+00 1.888074e+00 2.122458e+00 2.358558e+00 2.591624e+00 2.817372e+00 3.031444e+00 3.229845e+00 3.410063e+00 3.572056e+00 3.718602e+00 3.855018e+00 3.987444e+00 4.121449e+00 4.263497e+00 4.421140e+00 4.601982e+00 4.813360e+00 5.061766e+00 5.353350e+00 5.696107e+00 6.101922e+00 6.588996e+00 7.186255e+00 7.938089e+00 8.907699e+00 1.018082e+01 1.187087e+01 1.412058e+01 1.710751e+01 2.104150e+01 2.616568e+01 3.275189e+01 4.109077e+01 5.147536e+01 6.417081e+01 7.938285e+01 9.722113e+01 1.176556e+02 1.405182e+02 1.654570e+02 1.919928e+02 2.194967e+02 2.472723e+02 2.744582e+02 2.991920e+02 3.194828e+02 
0.000000e+00 0.000000e+00 0.000000e+00 0.000000e+00 0.000000e+00 0.000000e+00 0.000000e+00 0.000000e+00 0.000000e+00 0.000000e+00 0.000000e+00 0.000000e+00 0.000000e+00 0.000000e+00 0.000000e+00 0.000000e+00 0.000000e+00 5.073131e-07 3.443376e-06 1.162264e-05 2.834207e-05 5.779813e-05 1.056214e-04 1.792750e-04 2.893570e-04 4.556962e-04 7.236101e-04 1.185270e-03 1.986098e-03 3.319453e-03 5.420957e-03 8.563033e-03 1.304630e-02 1.918838e-02 2.731473e-02 3.775872e-02 5.087048e-02 6.704523e-02 8.681085e-02 1.109689e-01 1.406425e-01 1.772587e-01 2.225314e-01 2.784244e-01 3.470631e-01 4.306466e-01 5.313991e-01 6.513996e-01 7.923084e-01 9.552365e-01 1.140774e+00 1.348934e+00 1.578945e+00 1.828896e+00 2.095439e+00 2.373884e+00 2.658710e+00 2.943968e+00 3.224015e+00 3.493655e+00 3.747728e+00 3.981841e+00 4.193740e+00 4.384380e+00 4.558231e+00 4.722400e+00 4.884421e+00 5.051425e+00 5.231720e+00 5.434621e+00 5.669393e+00 5.944681e+00 6.268107e+00 6.647607e+00 7.094222e+00 7.624749e+00 8.265454e+00 9.057773e+00 1.006393e+01 1.137117e+01 1.309700e+01 1.539427e+01 1.845422e+01 2.251056e+01 2.783638e+01 3.474321e+01 4.357305e+01 5.468365e+01 6.842223e+01 8.508812e+01 1.048924e+02 1.279101e+02 1.540426e+02 1.830049e+02 2.143048e+02 2.472922e+02 2.811606e+02 3.150411e+02 3.476251e+02 3.766136e+02 3.998987e+02 
0.000000e+00 0.000000e+00 0.000000e+00 0.000000e+00 0.000000e+00 0.000000e+00 0.000000e+00 0.000000e+00 0.000000e+00 0.000000e+00 0.000000e+00 0.000000e+00 0.000000e+00 0.000000e+00 0.000000e+00 0.000000e+00 2.644401e-08 1.203473e-06 6.134370e-06 1.840398e-05 4.229827e-05 8.336067e-05 1.490056e-04 2.490190e-04 3.983016e-04 6.269453e-04 1.003813e-03 1.657587e-03 2.780418e-03 4.622271e-03 7.484321e-03 1.171068e-02 1.767541e-02 2.576626e-02 3.637499e-02 4.989728e-02 6.674653e-02 8.740283e-02 1.125514e-01 1.432221e-01 1.808248e-01 2.271266e-01 2.842272e-01 3.544839e-01 4.404153e-01 5.446037e-01 6.696097e-01 8.177339e-01 9.907264e-01 1.189716e+00 1.415209e+00 1.667003e+00 1.943885e+00 2.243199e+00 2.560599e+00 2.890319e+00 3.225639e+00 3.559629e+00 3.885767e+00 4.197936e+00 4.490309e+00 4.758330e+00 5.000372e+00 5.218767e+00 5.420054e+00 5.613088e+00 5.806755e+00 6.010034e+00 6.233107e+00 6.487059e+00 6.782771e+00 7.130004e+00 7.537629e+00 8.015863e+00 8.579642e+00 9.252095e+00 1.006982e+01 1.108985e+01 1.239602e+01 1.410439e+01 1.637019e+01 1.939157e+01 2.341607e+01 2.873911e+01 3.570395e+01 4.469417e+01 5.612409e+01 7.041593e+01 8.796214e+01 1.090831e+02 1.339758e+02 1.626553e+02 1.949341e+02 2.303748e+02 2.683385e+02 3.079719e+02 3.482999e+02 3.882480e+02 4.259304e+02 4.587651e+02 4.845889e+02 
0.000000e+00 0.000000e+00 0.000000e+00 0.000000e+00 0.000000e+00 0.000000e+00 0.000000e+00 0.000000e+00 0.000000e+00 0.000000e+00 0.000000e+00 0.000000e+00 0.000000e+00 0.000000e+00 0.000000e+00 0.000000e+00 2.024468e-07 2.486241e-06 1.019582e-05 2.780275e-05 6.075497e-05 1.161717e-04 2.035366e-04 3.355945e-04 5.334236e-04 8.419495e-04 1.359888e-03 2.258634e-03 3.783620e-03 6.248607e-03 1.002741e-02 1.554168e-02 2.324213e-02 3.358758e-02 4.703532e-02 6.404148e-02 8.508452e-02 1.107472e-01 1.418996e-01 1.798266e-01 2.262499e-01 2.832999e-01 3.534745e-01 4.395274e-01 5.443673e-01 6.709441e-01 8.221127e-01 1.000337e+00 1.207407e+00 1.444425e+00 1.711763e+00 2.008922e+00 2.334141e+00 2.683899e+00 3.052788e+00 3.433906e+00 3.819354e+00 4.201267e+00 4.572243e+00 4.925307e+00 5.254144e+00 5.554324e+00 5.825214e+00 6.070897e+00 6.300129e+00 6.523423e+00 6.751151e+00 6.994281e+00 7.264866e+00 7.575751e+00 7.939276e+00 8.366250e+00 8.867080e+00 9.454908e+00 1.014959e+01 1.098231e+01 1.200253e+01 1.328604e+01 1.494226e+01 1.712103e+01 2.002072e+01 2.389115e+01 2.904210e+01 3.583639e+01 4.469203e+01 5.606709e+01 7.044765e+01 8.831452e+01 1.100945e+02 1.361136e+02 1.665330e+02 2.012871e+02 2.400719e+02 2.822803e+02 3.271065e+02 3.734864e+02 4.202735e+02 4.660922e+02 5.085028e+02 5.447440e+02 5.726436e+02 
0.000000e+00 0.000000e+00 0.000000e+00 0.000000e+00 0.000000e+00 0.000000e+00 0.000000e+00 0.000000e+00 0.000000e+00 0.000000e+00 0.000000e+00 0.000000e+00 0.000000e+00 0.000000e+00 0.000000e+00 0.000000e+00 6.269431e-07 4.575661e-06 1.601804e-05 4.045133e-05 8.469362e-05 1.577055e-04 2.713487e-04 4.422149e-04 7.001033e-04 1.110815e-03 1.809660e-03 3.017512e-03 5.040756e-03 8.265099e-03 1.314427e-02 2.018213e-02 2.990731e-02 4.284864e-02 5.952546e-02 8.045052e-02 1.061708e-01 1.373976e-01 1.752140e-01 2.211849e-01 2.773673e-01 3.462748e-01 4.308066e-01 5.341095e-01 6.594734e-01 8.101884e-01 9.893493e-01 1.199519e+00 1.442492e+00 1.719302e+00 2.030131e+00 2.374104e+00 2.748788e+00 3.149694e+00 3.570312e+00 4.002546e+00 4.437389e+00 4.866081e+00 5.280335e+00 5.672434e+00 6.035783e+00 6.366430e+00 6.665099e+00 6.938014e+00 7.196112e+00 7.451495e+00 7.716247e+00 8.003353e+00 8.326712e+00 8.700865e+00 9.139418e+00 9.654262e+00 1.025781e+01 1.096691e+01 1.180761e+01 1.282127e+01 1.407304e+01 1.566109e+01 1.772484e+01 2.045359e+01 2.409426e+01 2.895559e+01 3.541472e+01 4.390798e+01 5.493131e+01 6.901848e+01 8.672423e+01 1.085785e+02 1.350291e+02 1.663891e+02 2.027586e+02 2.439729e+02 2.895780e+02 3.387917e+02 3.906137e+02 4.437783e+02 4.969567e+02 5.483455e+02 5.950671e+02 6.342531e+02 6.637624e+02 
0.000000e+00 0.000000e+00 0.000000e+00 0.000000e+00 0.000000e+00 0.000000e+00 0.000000e+00 0.000000e+00 0.000000e+00 0.000000e+00 0.000000e+00 0.000000e+00 0.000000e+00 0.000000e+00 0.000000e+00 1.178151e-08 1.387271e-06 7.660366e-06 2.393436e-05 5.688827e-05 1.149476e-04 2.092163e-04 3.542856e-04 5.717200e-04 9.032082e-04 1.442484e-03 2.368702e-03 3.959641e-03 6.591279e-03 1.073007e-02 1.691673e-02 2.574064e-02 3.780779e-02 5.371375e-02 7.403378e-02 9.933250e-02 1.302308e-01 1.675993e-01 2.127618e-01 2.675867e-01 3.344872e-01 4.163755e-01 5.165490e-01 6.385404e-01 7.860055e-01 9.625400e-01 1.171414e+00 1.415229e+00 1.695753e+00 2.013909e+00 2.369640e+00 2.761602e+00 3.186570e+00 3.638997e+00 4.111243e+00 4.593977e+00 5.077181e+00 5.551233e+00 6.006968e+00 6.436075e+00 6.831911e+00 7.191393e+00 7.516973e+00 7.817377e+00 8.105612e+00 8.395282e+00 8.700470e+00 9.036119e+00 9.417920e+00 9.862021e+00 1.038307e+01 1.099418e+01 1.171035e+01 1.255304e+01 1.355601e+01 1.477310e+01 1.628841e+01 1.822641e+01 2.076130e+01 2.412801e+01 2.862753e+01 3.463527e+01 4.260023e+01 5.303845e+01 6.652558e+01 8.367074e+01 1.050921e+02 1.313562e+02 1.629165e+02 2.000526e+02 2.427754e+02 2.908045e+02 3.435002e+02 3.999077e+02 4.588018e+02 5.187323e+02 5.781717e+02 6.347652e+02 6.853485e+02 7.270025e+02 7.576526e+02 
0.000000e+00 0.000000e+00 0.000000e+00 0.000000e+00 0.000000e+00 0.000000e+00 0.000000e+00 0.000000e+00 0.000000e+00 0.000000e+00 0.000000e+00 0.000000e+00 0.000000e+00 0.000000e+00 0.000000e+00 1.621243e-07 2.745694e-06 1.218437e-05 3.463841e-05 7.815953e-05 1.530451e-04 2.728576e-04 4.555784e-04 7.296638e-04 1.153538e-03 1.856153e-03 3.068016e-03 5.132123e-03 8.502961e-03 1.373571e-02 2.146308e-02 3.236086e-02 4.710940e-02 6.636491e-02 9.075198e-02 1.208854e-01 1.574752e-01 2.015798e-01 2.547882e-01 3.192938e-01 3.978830e-01 4.938716e-01 6.109486e-01 7.530199e-01 9.240806e-01 1.127983e+00 1.368110e+00 1.647058e+00 1.966532e+00 2.327305e+00 2.729013e+00 3.169745e+00 3.645381e+00 4.149263e+00 4.672593e+00 5.204829e+00 5.735016e+00 6.252693e+00 6.747888e+00 7.211876e+00 7.638268e+00 8.025213e+00 8.377271e+00 8.705827e+00 9.025842e+00 9.352497e+00 9.701978e+00 1.009111e+01 1.053729e+01 1.105813e+01 1.166921e+01 1.238521e+01 1.322440e+01 1.421401e+01 1.539732e+01 1.684345e+01 1.865891e+01 2.099880e+01 2.407748e+01 2.818130e+01 3.367166e+01 4.099684e+01 5.068254e+01 6.332829e+01 7.958979e+01 1.001482e+02 1.256760e+02 1.567623e+02 1.938479e+02 2.371552e+02 2.865835e+02 3.417119e+02 4.016979e+02 4.654023e+02 5.313690e+02 5.979685e+02 6.634084e+02 7.247895e+02 7.787624e+02 8.224055e+02 8.537404e+02 
0.000000e+00 0.000000e+00 0.000000e+00 0.000000e+00 0.000000e+00 0.000000e+00 0.000000e+00 0.000000e+00 0.000000e+00 0.000000e+00 0.000000e+00 0.000000e+00 0.000000e+00 0.000000e+00 0.000000e+00 5.508366e-07 4.912979e-06 1.850482e-05 4.868585e-05 1.051012e-04 2.002112e-04 3.503475e-04 5.777682e-04 9.204235e-04 1.459716e-03 2.367263e-03 3.932859e-03 6.573627e-03 1.083142e-02 1.735694e-02 2.687765e-02 4.015411e-02 5.793571e-02 8.093144e-02 1.098081e-01 1.452316e-01 1.880248e-01 2.394593e-01 3.014116e-01 3.764186e-01 4.676533e-01 5.788314e-01 7.140214e-01 8.774838e-01 1.073520e+00 1.306181e+00 1.578906e+00 1.894250e+00 2.253830e+00 2.658222e+00 3.106682e+00 3.596629e+00 4.122968e+00 4.677898e+00 5.251436e+00 5.831900e+00 6.407455e+00 6.966823e+00 7.499340e+00 7.996071e+00 8.451213e+00 8.864507e+00 9.242983e+00 9.600683e+00 9.954424e+00 1.032110e+01 1.071898e+01 1.116668e+01 1.168325e+01 1.228752e+01 1.299608e+01 1.382559e+01 1.479845e+01 1.594896e+01 1.733208e+01 1.903518e+01 2.119096e+01 2.398971e+01 2.769165e+01 3.264000e+01 3.926346e+01 4.808774e+01 5.972026e+01 7.484571e+01 9.419849e+01 1.185261e+02 1.485435e+02 1.848472e+02 2.278455e+02 2.776780e+02 3.341141e+02 3.965636e+02 4.639779e+02 5.350141e+02 6.079944e+02 6.811086e+02 7.522065e+02 8.179299e+02 8.748156e+02 9.199804e+02 9.515632e+02 
0.000000e+00 0.000000e+00 0.000000e+00 0.000000e+00 0.000000e+00 0.000000e+00 0.000000e+00 0.000000e+00 0.000000e+00 0.000000e+00 0.000000e+00 0.000000e+00 0.000000e+00 0.000000e+00 0.000000e+00 1.256418e-06 8.070958e-06 2.694572e-05 6.660309e-05 1.385317e-04 2.576615e-04 4.434546e-04 7.235382e-04 1.148555e-03 1.830458e-03 2.991868e-03 4.990800e-03 8.328146e-03 1.364186e-02 2.168371e-02 3.327655e-02 4.926083e-02 7.044665e-02 9.758608e-02 1.313808e-01 1.725514e-01 2.220615e-01 2.814207e-01 3.528123e-01 4.391318e-01 5.439459e-01 6.713596e-01 8.258055e-01 1.011873e+00 1.234130e+00 1.496767e+00 1.803224e+00 2.155999e+00 2.556587e+00 3.005323e+00 3.501009e+00 4.040298e+00 4.617040e+00 5.222293e+00 5.844865e+00 6.472032e+00 7.091128e+00 7.690082e+00 8.257680e+00 8.785010e+00 9.267224e+00 9.706024e+00 1.011128e+01 1.049956e+01 1.088938e+01 1.129955e+01 1.175031e+01 1.226199e+01 1.285517e+01 1.354972e+01 1.436334e+01 1.531537e+01 1.643330e+01 1.776009e+01 1.936490e+01 2.135672e+01 2.389874e+01 2.722139e+01 3.163725e+01 3.755165e+01 4.546794e+01 5.599276e+01 6.981972e+01 8.771819e+01 1.104977e+02 1.389638e+02 1.738593e+02 2.157702e+02 2.650525e+02 3.217340e+02 3.854412e+02 4.553832e+02 5.303114e+02 6.086564e+02 6.885388e+02 7.679618e+02 8.443169e+02 9.139103e+02 9.732252e+02 1.019448e+03 1.050852e+03 
0.000000e+00 0.000000e+00 0.000000e+00 0.000000e+00 0.000000e+00 0.000000e+00 0.000000e+00 0.000000e+00 0.000000e+00 0.000000e+00 0.000000e+00 0.000000e+00 0.000000e+00 0.000000e+00 5.283062e-08 2.431432e-06 1.250345e-05 3.797671e-05 8.912436e-05 1.795628e-04 3.270042e-04 5.545355e-04 8.967268e-04 1.421229e-03 2.279021e-03 3.752983e-03 6.279177e-03 1.045221e-02 1.701406e-02 2.682077e-02 4.078817e-02 5.982868e-02 8.480295e-02 1.164956e-01 1.556374e-01 2.030119e-01 2.597538e-01 3.276334e-01 4.091573e-01 5.075905e-01 6.268941e-01 7.715440e-01 9.463138e-01 1.156090e+00 1.405665e+00 1.699308e+00 2.040421e+00 2.431425e+00 2.873662e+00 3.367179e+00 3.910250e+00 4.498670e+00 5.125183e+00 5.779711e+00 6.449855e+00 7.121950e+00 7.782559e+00 8.418868e+00 9.019279e+00 9.575165e+00 1.008301e+01 1.054686e+01 1.097972e+01 1.140049e+01 1.182923e+01 1.228680e+01 1.279526e+01 1.337656e+01 1.405272e+01 1.484450e+01 1.577104e+01 1.685512e+01 1.813058e+01 1.965092e+01 2.150238e+01 2.381952e+01 2.680067e+01 3.072195e+01 3.595490e+01 4.297243e+01 5.235933e+01 6.480586e+01 8.109488e+01 1.020777e+02 1.286328e+02 1.616125e+02 2.017706e+02 2.496637e+02 3.055723e+02 3.693867e+02 4.405770e+02 5.181261e+02 6.005928e+02 6.861646e+02 7.727821e+02 8.582390e+02 9.394090e+02 1.012386e+03 1.073648e+03 1.120475e+03 1.151289e+03 
0.000000e+00 0.000000e+00 0.000000e+00 0.000000e+00 0.000000e+00 0.000000e+00 0.000000e+00 0.000000e+00 0.000000e+00 0.000000e+00 0.000000e+00 0.000000e+00 0.000000e+00 0.000000e+00 3.004641e-07 4.344328e-06 1.863122e-05 5.221609e-05 1.171323e-04 2.293840e-04 4.098215e-04 6.859462e-04 1.101700e-03 1.747698e-03 2.822291e-03 4.677601e-03 7.837080e-03 1.299746e-02 2.100997e-02 3.283574e-02 4.947863e-02 7.191398e-02 1.010425e-01 1.376729e-01 1.825642e-01 2.365817e-01 3.010563e-01 3.780389e-01 4.703735e-01 5.817011e-01 7.163689e-01 8.792070e-01 1.075306e+00 1.309813e+00 1.587696e+00 1.913254e+00 2.289819e+00 2.719716e+00 3.204095e+00 3.742662e+00 4.333081e+00 4.970214e+00 5.645679e+00 6.348260e+00 7.064403e+00 7.779580e+00 8.479622e+00 9.151070e+00 9.782145e+00 1.036480e+01 1.089723e+01 1.138618e+01 1.184782e+01 1.230321e+01 1.277394e+01 1.328292e+01 1.385390e+01 1.451037e+01 1.527564e+01 1.617136e+01 1.721862e+01 1.844457e+01 1.989075e+01 2.162345e+01 2.374910e+01 2.643175e+01 2.990966e+01 3.451033e+01 4.066973e+01 4.893427e+01 5.997445e+01 7.456703e+01 9.358421e+01 1.179553e+02 1.486195e+02 1.864628e+02 2.322328e+02 2.864376e+02 3.492580e+02 4.204295e+02 4.992445e+02 5.844545e+02 6.744175e+02 7.670839e+02 8.602206e+02 9.513548e+02 1.036881e+03 1.112764e+03 1.175507e+03 1.222513e+03 1.252367e+03 
0.000000e+00 0.000000e+00 0.000000e+00 0.000000e+00 0.000000e+00 0.000000e+00 0.000000e+00 0.000000e+00 0.000000e+00 0.000000e+00 0.000000e+00 0.000000e+00 0.000000e+00 0.000000e+00 8.243559e-07 7.154459e-06 2.669643e-05 6.999303e-05 1.510500e-04 2.885479e-04 5.067585e-04 8.385772e-04 1.340241e-03 2.132317e-03 3.468747e-03 5.779354e-03 9.683393e-03 1.598653e-02 2.565242e-02 3.974519e-02 5.934953e-02 8.549420e-02 1.191103e-01 1.610234e-01 2.120236e-01 2.730835e-01 3.457536e-01 4.323816e-01 5.361585e-01 6.611037e-01 8.119371e-01 9.938214e-01 1.212136e+00 1.472259e+00 1.779280e+00 2.137483e+00 2.550119e+00 3.019393e+00 3.546228e+00 4.129932e+00 4.767476e+00 5.452727e+00 6.176182e+00 6.925476e+00 7.685982e+00 8.442381e+00 9.179803e+00 9.884273e+00 1.054403e+01 1.115193e+01 1.170823e+01 1.222268e+01 1.271453e+01 1.320673e+01 1.372252e+01 1.428674e+01 1.492475e+01 1.566151e+01 1.652144e+01 1.752726e+01 1.870259e+01 2.007992e+01 2.171004e+01 2.367429e+01 2.610244e+01 2.919200e+01 3.322553e+01 3.858762e+01 4.578303e+01 5.543740e+01 6.830927e+01 8.526432e+01 1.072623e+02 1.353050e+02 1.703836e+02 2.134035e+02 2.650897e+02 3.258833e+02 3.958417e+02 4.745349e+02 5.610543e+02 6.539259e+02 7.512937e+02 8.508871e+02 9.503011e+02 1.046723e+03 1.136156e+03 1.214489e+03 1.278288e+03 1.325089e+03 1.353646e+03 
0.000000e+00 0.000000e+00 0.000000e+00 0.000000e+00 0.000000e+00 0.000000e+00 0.000000e+00 0.000000e+00 0.000000e+00 0.000000e+00 0.000000e+00 0.000000e+00 0.000000e+00 0.000000e+00 1.693243e-06 1.101438e-05 3.697267e-05 9.175715e-05 1.915996e-04 3.581709e-04 6.195200e-04 1.015130e-03 1.617108e-03 2.584487e-03 4.236347e-03 7.089542e-03 1.186780e-02 1.949191e-02 3.103943e-02 4.767295e-02 7.054784e-02 1.007349e-01 1.391846e-01 1.867323e-01 2.442036e-01 3.127062e-01 3.940321e-01 4.908387e-01 6.066707e-01 7.459241e-01 9.136710e-01 1.115383e+00 1.356698e+00 1.643188e+00 1.980014e+00 2.371409e+00 2.820534e+00 3.329451e+00 3.898825e+00 4.527505e+00 5.211691e+00 5.944207e+00 6.714449e+00 7.508895e+00 8.311951e+00 9.107563e+00 9.880203e+00 1.061552e+01 1.130199e+01 1.193375e+01 1.251343e+01 1.305414e+01 1.357795e+01 1.410943e+01 1.467363e+01 1.529718e+01 1.600695e+01 1.682929e+01 1.778958e+01 1.891184e+01 2.022302e+01 2.176205e+01 2.359065e+01 2.580784e+01 2.857031e+01 3.211333e+01 3.676849e+01 4.298352e+01 5.133597e+01 6.253681e+01 7.743370e+01 9.698311e+01 1.222285e+02 1.542367e+02 1.940403e+02 2.425474e+02 3.004430e+02 3.680826e+02 4.453750e+02 5.317189e+02 6.259797e+02 7.264716e+02 8.311079e+02 9.374210e+02 1.042832e+03 1.144115e+03 1.236988e+03 1.317315e+03 1.381750e+03 1.427972e+03 1.454911e+03 
0.000000e+00 0.000000e+00 0.000000e+00 0.000000e+00 0.000000e+00 0.000000e+00 0.000000e+00 0.000000e+00 0.000000e+00 0.000000e+00 0.000000e+00 0.000000e+00 0.000000e+00 5.000358e-08 3.042198e-06 1.617233e-05 4.987889e-05 1.181823e-04 2.398352e-04 4.398207e-04 7.504723e-04 1.219561e-03 1.939838e-03 3.118627e-03 5.150795e-03 8.650225e-03 1.445364e-02 2.360171e-02 3.728448e-02 5.675484e-02 8.322634e-02 1.177993e-01 1.614325e-01 2.149655e-01 2.792673e-01 3.556100e-01 4.460463e-01 5.535550e-01 6.820372e-01 8.362567e-01 1.021609e+00 1.243845e+00 1.508830e+00 1.822291e+00 2.189413e+00 2.614352e+00 3.100173e+00 3.648769e+00 4.260514e+00 4.933744e+00 5.663813e+00 6.442475e+00 7.258049e+00 8.095866e+00 8.939474e+00 9.772154e+00 1.057778e+01 1.134179e+01 1.205312e+01 1.270758e+01 1.331052e+01 1.387865e+01 1.443654e+01 1.501015e+01 1.562641e+01 1.631358e+01 1.709994e+01 1.801321e+01 1.907964e+01 2.032497e+01 2.178034e+01 2.349239e+01 2.553576e+01 2.803021e+01 3.116334e+01 3.521277e+01 4.056415e+01 4.773434e+01 5.737767e+01 7.029582e+01 8.742575e+01 1.098150e+02 1.385847e+02 1.748577e+02 2.196945e+02 2.739883e+02 3.383650e+02 4.130754e+02 4.978577e+02 5.919336e+02 6.939235e+02 8.019435e+02 9.136650e+02 1.026449e+03 1.137529e+03 1.243220e+03 1.339063e+03 1.420937e+03 1.485599e+03 1.530887e+03 1.555914e+03 
0.000000e+00 0.000000e+00 0.000000e+00 0.000000e+00 0.000000e+00 0.000000e+00 0.000000e+00 0.000000e+00 0.000000e+00 0.000000e+00 0.000000e+00 0.000000e+00 0.000000e+00 2.919976e-07 5.130614e-06 2.302880e-05 6.599434e-05 1.500881e-04 2.968524e-04 5.349556e-04 9.018412e-04 1.456164e-03 2.317897e-03 3.752343e-03 6.239932e-03 1.050041e-02 1.748990e-02 2.837087e-02 4.444223e-02 6.703748e-02 9.741625e-02 1.366965e-01 1.858366e-01 2.456796e-01 3.171547e-01 4.017222e-01 5.017113e-01 6.204304e-01 7.621356e-01 9.319421e-01 1.135545e+00 1.378947e+00 1.668204e+00 2.009160e+00 2.406985e+00 2.865743e+00 3.388385e+00 3.976612e+00 4.630468e+00 5.347707e+00 6.122788e+00 6.946391e+00 7.805769e+00 8.685164e+00 9.567350e+00 1.043499e+01 1.127147e+01 1.206217e+01 1.279683e+01 1.347321e+01 1.409977e+01 1.469676e+01 1.529096e+01 1.590964e+01 1.658163e+01 1.733663e+01 1.820431e+01 1.921366e+01 2.039184e+01 2.176693e+01 2.337519e+01 2.527244e+01 2.754851e+01 3.034711e+01 3.389071e+01 3.850375e+01 4.463117e+01 5.286354e+01 6.393652e+01 7.874522e+01 9.831640e+01 1.237861e+02 1.563465e+02 1.971657e+02 2.473180e+02 3.076641e+02 3.787532e+02 4.607109e+02 5.530925e+02 6.549287e+02 7.645938e+02 8.800049e+02 9.986000e+02 1.117578e+03 1.233947e+03 1.343597e+03 1.441961e+03 1.524957e+03 1.589472e+03 1.633510e+03 1.656357e+03 
0.000000e+00 0.000000e+00 0.000000e+00 0.000000e+00 0.000000e+00 0.000000e+00 0.000000e+00 0.000000e+00 0.000000e+00 0.000000e+00 0.000000e+00 0.000000e+00 0.000000e+00 8.040496e-07 8.104793e-06 3.180601e-05 8.561552e-05 1.878555e-04 3.631704e-04 6.441915e-04 1.074498e-03 1.726781e-03 2.755979e-03 4.494791e-03 7.518077e-03 1.265895e-02 2.099761e-02 3.381837e-02 5.252252e-02 7.851321e-02 1.130847e-01 1.573623e-01 2.122966e-01 2.787361e-01 3.576939e-01 4.508400e-01 5.607923e-01 6.911922e-01 8.466470e-01 1.032603e+00 1.255029e+00 1.520146e+00 1.834178e+00 2.203042e+00 2.631864e+00 3.124603e+00 3.684086e+00 4.311797e+00 5.007402e+00 5.768013e+00 6.587150e+00 7.454435e+00 8.356055e+00 9.275249e+00 1.019409e+01 1.109467e+01 1.195998e+01 1.277558e+01 1.353227e+01 1.423013e+01 1.488095e+01 1.550840e+01 1.614114e+01 1.680780e+01 1.753897e+01 1.836575e+01 1.931911e+01 2.042920e+01 2.172436e+01 2.323560e+01 2.500532e+01 2.710008e+01 2.962730e+01 3.275783e+01 3.675288e+01 4.198782e+01 4.897201e+01 5.837322e+01 7.101298e+01 8.788059e+01 1.100927e+02 1.388699e+02 1.754675e+02 2.210883e+02 2.768054e+02 3.434305e+02 4.214206e+02 5.107555e+02 6.108018e+02 7.203824e+02 8.376346e+02 9.602695e+02 1.085508e+03 1.210394e+03 1.331659e+03 1.444834e+03 1.545295e+03 1.629028e+03 1.693059e+03 1.735556e+03 1.755994e+03 
0.000000e+00 0.000000e+00 0.000000e+00 0.000000e+00 0.000000e+00 0.000000e+00 0.000000e+00 0.000000e+00 0.000000e+00 0.000000e+00 0.000000e+00 0.000000e+00 4.818544e-07 7.353895e-06 3.225030e-05 9.171524e-05 2.080219e-04 4.113271e-04 7.419626e-04 1.253492e-03 2.031507e-03 3.255282e-03 5.322967e-03 8.941636e-03 1.514887e-02 2.528974e-02 4.095400e-02 6.386348e-02 9.571976e-02 1.380712e-01 1.922264e-01 2.592339e-01 3.399546e-01 4.353320e-01 5.469883e-01 6.776031e-01 8.310146e-01 1.012162e+00 1.226907e+00 1.481720e+00 1.783381e+00 2.138718e+00 2.554336e+00 3.036095e+00 3.588748e+00 4.215818e+00 4.919484e+00 5.700122e+00 6.555451e+00 7.479483e+00 8.461818e+00 9.488134e+00 1.054058e+01 1.159937e+01 1.264444e+01 1.365623e+01 1.461760e+01 1.551688e+01 1.635244e+01 1.713663e+01 1.789641e+01 1.866539e+01 1.947671e+01 2.036510e+01 2.136673e+01 2.251774e+01 2.385428e+01 2.541059e+01 2.722348e+01 2.934399e+01 3.185165e+01 3.487548e+01 3.862148e+01 4.340457e+01 4.968102e+01 5.807068e+01 6.938777e+01 8.463467e+01 1.050114e+02 1.318686e+02 1.666619e+02 2.108791e+02 2.659238e+02 3.330125e+02 4.130506e+02 5.064963e+02 6.132915e+02 7.326688e+02 8.632257e+02 1.002831e+03 1.148819e+03 1.298023e+03 1.447021e+03 1.592181e+03 1.728815e+03 1.851828e+03 1.956706e+03 2.039890e+03 2.099025e+03 2.132977e+03 2.141912e+03 
0.000000e+00 0.000000e+00 0.000000e+00 0.000000e+00 0.000000e+00 0.000000e+00 0.000000e+00 0.000000e+00 0.000000e+00 0.000000e+00 0.000000e+00 1.085229e-07 5.303879e-06 2.803781e-05 8.688053e-05 2.072513e-04 4.237225e-04 7.830181e-04 1.346669e-03 2.208085e-03 3.555130e-03 5.817182e-03 9.797348e-03 1.670277e-02 2.811332e-02 4.589914e-02 7.208047e-02 1.086499e-01 1.574052e-01 2.198470e-01 2.971280e-01 3.901019e-01 4.995893e-01 6.269934e-01 7.748507e-01 9.469584e-01 1.148317e+00 1.384946e+00 1.663538e+00 1.991172e+00 2.375064e+00 2.822319e+00 3.339475e+00 3.931996e+00 4.604209e+00 5.359090e+00 6.197907e+00 7.119442e+00 8.118783e+00 9.186469e+00 1.030854e+01 1.146707e+01 1.264138e+01 1.380987e+01 1.495123e+01 1.604584e+01 1.707910e+01 1.804644e+01 1.895830e+01 1.984265e+01 2.073752e+01 2.168017e+01 2.270800e+01 2.386077e+01 2.517906e+01 2.670410e+01 2.847652e+01 3.053825e+01 3.294491e+01 3.578436e+01 3.919935e+01 4.341869e+01 4.879450e+01 5.584071e+01 6.526166e+01 7.798472e+01 9.516238e+01 1.181714e+02 1.485700e+02 1.880246e+02 2.382336e+02 3.007991e+02 3.770969e+02 4.681374e+02 5.744367e+02 6.959198e+02 8.317901e+02 9.805110e+02 1.139779e+03 1.306667e+03 1.477710e+03 1.649113e+03 1.816934e+03 1.976422e+03 2.122182e+03 2.249191e+03 2.353342e+03 2.431659e+03 2.482447e+03 2.505232e+03 2.505232e+03 
0.000000e+00 0.000000e+00 0.000000e+00 0.000000e+00 0.000000e+00 0.000000e+00 0.000000e+00 0.000000e+00 0.000000e+00 0.000000e+00 0.000000e+00 3.018803e-06 2.105043e-05 7.357720e-05 1.879702e-04 4.016896e-04 7.658843e-04 1.348527e-03 2.246608e-03 3.643242e-03 5.954766e-03 1.002121e-02 1.716575e-02 2.915231e-02 4.809169e-02 7.628015e-02 1.159936e-01 1.692923e-01 2.378789e-01 3.230358e-01 4.256383e-01 5.463749e-01 6.863298e-01 8.476878e-01 1.033987e+00 1.250049e+00 1.501792e+00 1.795922e+00 2.139575e+00 2.540159e+00 3.005083e+00 3.541418e+00 4.155320e+00 4.851794e+00 5.634717e+00 6.506347e+00 7.466736e+00 8.512596e+00 9.636060e+00 1.082449e+01 1.206084e+01 1.332451e+01 1.459323e+01 1.584446e+01 1.705681e+01 1.821276e+01 1.930368e+01 2.033613e+01 2.133556e+01 2.234268e+01 2.339938e+01 2.454462e+01 2.582033e+01 2.727014e+01 2.893931e+01 3.087383e+01 3.312092e+01 3.573884e+01 3.881684e+01 4.250199e+01 4.703144e+01 5.277287e+01 6.026966e+01 7.027696e+01 8.379228e+01 1.020761e+02 1.266325e+02 1.591902e+02 2.015968e+02 2.557392e+02 3.234141e+02 4.061736e+02 5.051863e+02 6.210741e+02 7.538320e+02 9.027100e+02 1.066145e+03 1.241809e+03 1.426585e+03 1.616867e+03 1.808543e+03 1.997392e+03 2.178726e+03 2.346962e+03 2.496695e+03 2.623244e+03 2.723029e+03 2.793680e+03 2.834111e+03 2.844437e+03 2.844437e+03 
0.000000e+00 0.000000e+00 0.000000e+00 0.000000e+00 0.000000e+00 0.000000e+00 0.000000e+00 0.000000e+00 0.000000e+00 0.000000e+00 1.060028e-06 1.303730e-05 5.495776e-05 1.546520e-04 3.507095e-04 6.964245e-04 1.263696e-03 2.149718e-03 3.520877e-03 5.744790e-03 9.628849e-03 1.653626e-02 2.834933e-02 4.736031e-02 7.610492e-02 1.171304e-01 1.727702e-01 2.449584e-01 3.351325e-01 4.442377e-01 5.728718e-01 7.217774e-01 8.926535e-01 1.088549e+00 1.313886e+00 1.574256e+00 1.876150e+00 2.226608e+00 2.633009e+00 3.102903e+00 3.643697e+00 4.262122e+00 4.963868e+00 5.753552e+00 6.634531e+00 7.608201e+00 8.673099e+00 9.823561e+00 1.104895e+01 1.233408e+01 1.365945e+01 1.500299e+01 1.634168e+01 1.765289e+01 1.891670e+01 2.012005e+01 2.126378e+01 2.236808e+01 2.347261e+01 2.462303e+01 2.586050e+01 2.722755e+01 2.876980e+01 3.053500e+01 3.257314e+01 3.493498e+01 3.767979e+01 4.089372e+01 4.471670e+01 4.937832e+01 5.523818e+01 6.283467e+01 7.293235e+01 8.654971e+01 1.049978e+02 1.298552e+02 1.629611e+02 2.063143e+02 2.619629e+02 3.318921e+02 4.178494e+02 5.212034e+02 6.427770e+02 7.827097e+02 9.404228e+02 1.114435e+03 1.302510e+03 1.501527e+03 1.707782e+03 1.917039e+03 2.124802e+03 2.326406e+03 2.516306e+03 2.688780e+03 2.838679e+03 2.961768e+03 3.055001e+03 3.116564e+03 3.145909e+03 3.143643e+03 3.143643e+03 
0.000000e+00 0.000000e+00 0.000000e+00 0.000000e+00 0.000000e+00 0.000000e+00 0.000000e+00 0.000000e+00 0.000000e+00 6.819063e-08 6.302694e-06 3.571805e-05 1.150865e-04 2.823075e-04 5.902518e-04 1.111536e-03 1.942317e-03 3.229160e-03 5.273215e-03 8.773558e-03 1.503878e-02 2.598963e-02 4.404014e-02 7.191851e-02 1.124301e-01 1.682009e-01 2.414472e-01 3.338247e-01 4.463984e-01 5.797577e-01 7.343800e-01 9.114031e-01 1.113263e+00 1.343789e+00 1.608074e+00 1.912202e+00 2.262933e+00 2.667481e+00 3.133330e+00 3.668040e+00 4.278753e+00 4.971761e+00 5.752369e+00 6.624797e+00 7.591809e+00 8.653726e+00 9.807254e+00 1.104439e+01 1.235227e+01 1.371356e+01 1.510728e+01 1.651068e+01 1.790066e+01 1.925550e+01 2.055845e+01 2.180388e+01 2.300451e+01 2.419489e+01 2.542216e+01 2.673103e+01 2.816374e+01 2.976630e+01 3.158810e+01 3.368129e+01 3.609975e+01 3.890218e+01 4.216894e+01 4.602746e+01 5.068675e+01 5.648079e+01 6.391666e+01 7.372905e+01 8.691836e+01 1.047871e+02 1.289422e+02 1.612712e+02 2.038798e+02 2.589584e+02 3.286594e+02 4.149408e+02 5.193921e+02 6.430880e+02 7.864216e+02 9.490264e+02 1.129680e+03 1.326274e+03 1.535869e+03 1.754763e+03 1.978693e+03 2.203022e+03 2.422951e+03 2.633152e+03 2.827744e+03 3.001155e+03 3.148599e+03 3.266309e+03 3.351742e+03 3.403575e+03 3.421717e+03 3.407185e+03 3.407185e+03 
0.000000e+00 0.000000e+00 0.000000e+00 0.000000e+00 0.000000e+00 0.000000e+00 0.000000e+00 0.000000e+00 0.000000e+00 2.151027e-06 1.971125e-05 7.687251e-05 2.093055e-04 4.671834e-04 9.206700e-04 1.664556e-03 2.830279e-03 4.656326e-03 7.684749e-03 1.306496e-02 2.264638e-02 3.887661e-02 6.461602e-02 1.028933e-01 1.566188e-01 2.283248e-01 3.199629e-01 4.328169e-01 5.675589e-01 7.245217e-01 9.043117e-01 1.108648e+00 1.340654e+00 1.604760e+00 1.906506e+00 2.252230e+00 2.648797e+00 3.103493e+00 3.623797e+00 4.217120e+00 4.890216e+00 5.648976e+00 6.498392e+00 7.442259e+00 8.482625e+00 9.618530e+00 1.084481e+01 1.215149e+01 1.352395e+01 1.494335e+01 1.638801e+01 1.783508e+01 1.926203e+01 2.064923e+01 2.198507e+01 2.327353e+01 2.454009e+01 2.582993e+01 2.719109e+01 2.866616e+01 3.030022e+01 3.214257e+01 3.424645e+01 3.666791e+01 3.946568e+01 4.271228e+01 4.651877e+01 5.106603e+01 5.664691e+01 6.371585e+01 7.294306e+01 8.526796e+01 1.019314e+02 1.245083e+02 1.548750e+02 1.951823e+02 2.477252e+02 3.148075e+02 3.985926e+02 5.009194e+02 6.231474e+02 7.659977e+02 9.294181e+02 1.112522e+03 1.313485e+03 1.529630e+03 1.757407e+03 1.992659e+03 2.230675e+03 2.466560e+03 2.695139e+03 2.910565e+03 3.106981e+03 3.279088e+03 3.422492e+03 3.533864e+03 3.611102e+03 3.653301e+03 3.660753e+03 3.634808e+03 3.634808e+03 
0.000000e+00 0.000000e+00 0.000000e+00 0.000000e+00 0.000000e+00 0.000000e+00 0.000000e+00 0.000000e+00 1.937082e-07 8.344720e-06 4.459161e-05 1.408757e-04 3.432114e-04 7.166302e-04 1.351188e-03 2.366804e-03 3.951117e-03 6.499579e-03 1.092666e-02 1.888898e-02 3.275299e-02 5.541906e-02 9.007792e-02 1.399091e-01 2.077558e-01 2.959039e-01 4.059469e-01 5.387679e-01 6.946953e-01 8.739824e-01 1.077613e+00 1.307883e+00 1.568456e+00 1.864166e+00 2.200800e+00 2.584783e+00 3.023011e+00 3.522742e+00 4.091368e+00 4.736017e+00 5.463061e+00 6.278115e+00 7.185878e+00 8.189671e+00 9.290688e+00 1.048657e+01 1.177050e+01 1.313102e+01 1.455217e+01 1.601431e+01 1.749562e+01 1.897358e+01 2.042694e+01 2.183935e+01 2.320633e+01 2.454258e+01 2.588546e+01 2.728391e+01 2.878272e+01 3.042528e+01 3.225947e+01 3.433784e+01 3.671732e+01 3.945708e+01 4.262391e+01 4.631102e+01 5.066805e+01 5.593907e+01 6.251071e+01 7.096690e+01 8.214680e+01 9.718838e+01 1.175693e+02 1.451001e+02 1.818983e+02 2.303059e+02 2.927398e+02 3.715486e+02 4.688253e+02 5.862404e+02 7.248820e+02 8.851025e+02 1.066433e+03 1.267457e+03 1.485866e+03 1.718421e+03 1.961150e+03 2.209469e+03 2.458395e+03 2.702815e+03 2.937069e+03 3.155163e+03 3.351411e+03 3.520821e+03 3.659369e+03 3.764116e+03 3.833337e+03 3.866472e+03 3.864121e+03 3.827901e+03 3.827901e+03 
0.000000e+00 0.000000e+00 0.000000e+00 0.000000e+00 0.000000e+00 0.000000e+00 0.000000e+00 0.000000e+00 2.455336e-06 2.198443e-05 8.560970e-05 2.340059e-04 5.253801e-04 1.041879e-03 1.895409e-03 3.242084e-03 5.367349e-03 8.921609e-03 1.527064e-02 2.657526e-02 4.566139e-02 7.578661e-02 1.203442e-01 1.825121e-01 2.649234e-01 3.695290e-01 4.975314e-01 6.494392e-01 8.253533e-01 1.025651e+00 1.251779e+00 1.506524e+00 1.793931e+00 2.119080e+00 2.487855e+00 2.906683e+00 3.382420e+00 3.922237e+00 4.533355e+00 5.222573e+00 5.995958e+00 6.858910e+00 7.815811e+00 8.869419e+00 1.001998e+01 1.126380e+01 1.259276e+01 1.399430e+01 1.545154e+01 1.694464e+01 1.845198e+01 1.995185e+01 2.142508e+01 2.286005e+01 2.426070e+01 2.565242e+01 2.708031e+01 2.859204e+01 3.022962e+01 3.203861e+01 3.406958e+01 3.637832e+01 3.902489e+01 4.207284e+01 4.560168e+01 4.973159e+01 5.465829e+01 6.069742e+01 6.833691e+01 7.829563e+01 9.157936e+01 1.095200e+02 1.338099e+02 1.664664e+02 2.098019e+02 2.662881e+02 3.384067e+02 4.284877e+02 5.385025e+02 6.699202e+02 8.235384e+02 9.993550e+02 1.196488e+03 1.413051e+03 1.646299e+03 1.892528e+03 2.147425e+03 2.406077e+03 2.663319e+03 2.913767e+03 3.151425e+03 3.370359e+03 3.565110e+03 3.730994e+03 3.864324e+03 3.962497e+03 4.024103e+03 4.048866e+03 4.037635e+03 3.992240e+03 3.992240e+03 
0.000000e+00 0.000000e+00 0.000000e+00 0.000000e+00 0.000000e+00 0.000000e+00 0.000000e+00 1.463721e-07 8.079719e-06 4.481353e-05 1.446213e-04 3.579052e-04 7.569939e-04 1.442909e-03 2.551086e-03 4.291927e-03 7.103651e-03 1.199451e-02 2.079779e-02 3.612770e-02 6.118865e-02 9.948783e-02 1.544727e-01 2.291605e-01 3.258897e-01 4.462502e-01 5.910705e-01 7.605499e-01 9.547126e-01 1.174224e+00 1.420952e+00 1.698047e+00 2.009800e+00 2.361412e+00 2.758761e+00 3.208226e+00 3.716591e+00 4.290925e+00 4.938214e+00 5.664966e+00 6.477050e+00 7.379655e+00 8.376808e+00 9.470660e+00 1.066049e+01 1.194150e+01 1.330462e+01 1.473646e+01 1.621976e+01 1.773476e+01 1.926031e+01 2.077593e+01 2.226526e+01 2.372265e+01 2.516081e+01 2.661443e+01 2.813058e+01 2.975328e+01 3.152475e+01 3.349252e+01 3.570954e+01 3.823469e+01 4.113091e+01 4.446824e+01 4.834273e+01 5.290560e+01 5.840360e+01 6.522720e+01 7.396654e+01 8.547281e+01 1.009053e+02 1.217772e+02 1.499581e+02 1.876428e+02 2.372806e+02 3.014237e+02 3.825759e+02 4.830019e+02 6.045348e+02 7.484336e+02 9.152141e+02 1.104557e+03 1.315177e+03 1.544822e+03 1.790321e+03 2.047653e+03 2.312185e+03 2.578803e+03 2.842189e+03 3.096622e+03 3.336020e+03 3.554589e+03 3.747102e+03 3.909158e+03 4.037361e+03 4.129388e+03 4.184086e+03 4.201408e+03 4.182403e+03 4.129058e+03 4.129058e+03 
0.000000e+00 0.000000e+00 0.000000e+00 0.000000e+00 0.000000e+00 0.000000e+00 0.000000e+00 1.877312e-06 1.948064e-05 8.009711e-05 2.259353e-04 5.184366e-04 1.045704e-03 1.928762e-03 3.335406e-03 5.564425e-03 9.282717e-03 1.590682e-02 2.771297e-02 4.770510e-02 7.937823e-02 1.263663e-01 1.920258e-01 2.791150e-01 3.896437e-01 5.248458e-01 6.852192e-01 8.707538e-01 1.081541e+00 1.318576e+00 1.584072e+00 1.881430e+00 2.215081e+00 2.590252e+00 3.012755e+00 3.488898e+00 4.025377e+00 4.629132e+00 5.306900e+00 6.064970e+00 6.909052e+00 7.844106e+00 8.873776e+00 9.999586e+00 1.121995e+01 1.252923e+01 1.391767e+01 1.537138e+01 1.687306e+01 1.840323e+01 1.994153e+01 2.146916e+01 2.297347e+01 2.445544e+01 2.593602e+01 2.745576e+01 2.906011e+01 3.079026e+01 3.268975e+01 3.480774e+01 3.719958e+01 3.992704e+01 4.305678e+01 4.666771e+01 5.087576e+01 5.586717e+01 6.194313e+01 6.957034e+01 7.943993e+01 9.252754e+01 1.101347e+02 1.339323e+02 1.659383e+02 2.084863e+02 2.641171e+02 3.354255e+02 4.249001e+02 5.347159e+02 6.665598e+02 8.214820e+02 9.997398e+02 1.200714e+03 1.422770e+03 1.663334e+03 1.918886e+03 2.185152e+03 2.457246e+03 2.729921e+03 2.997681e+03 3.254564e+03 3.494534e+03 3.711959e+03 3.901842e+03 4.060028e+03 4.183370e+03 4.269774e+03 4.318295e+03 4.329072e+03 4.303305e+03 4.243114e+03 4.243114e+03 
0.000000e+00 0.000000e+00 0.000000e+00 0.000000e+00 0.000000e+00 0.000000e+00 6.747725e-09 5.998859e-06 3.762803e-05 1.286560e-04 3.297798e-04 7.148554e-04 1.388828e-03 2.493106e-03 4.240798e-03 7.059282e-03 1.192204e-02 2.065630e-02 3.592862e-02 6.105339e-02 9.971018e-02 1.555249e-01 2.316588e-01 3.305790e-01 4.539716e-01 6.027475e-01 7.771340e-01 9.770291e-01 1.202706e+00 1.455466e+00 1.737774e+00 2.053184e+00 2.406187e+00 2.801961e+00 3.246244e+00 3.745269e+00 4.305655e+00 4.934173e+00 5.637352e+00 6.421330e+00 7.291669e+00 8.253087e+00 9.308836e+00 1.045982e+01 1.170373e+01 1.303432e+01 1.444136e+01 1.591074e+01 1.742530e+01 1.896605e+01 2.051358e+01 2.205122e+01 2.357078e+01 2.507991e+01 2.660673e+01 2.819339e+01 2.988221e+01 3.171370e+01 3.373259e+01 3.598962e+01 3.854247e+01 4.145542e+01 4.479964e+01 4.866532e+01 5.319064e+01 5.859913e+01 6.524663e+01 7.367420e+01 8.466932e+01 9.931930e+01 1.190560e+02 1.456785e+02 1.813300e+02 2.284432e+02 2.896168e+02 3.674623e+02 4.644263e+02 5.825889e+02 7.234912e+02 8.879862e+02 1.076103e+03 1.286934e+03 1.518571e+03 1.768130e+03 2.031846e+03 2.305207e+03 2.583167e+03 2.860374e+03 3.131110e+03 3.389332e+03 3.629094e+03 3.844940e+03 4.032074e+03 4.186554e+03 4.305436e+03 4.386817e+03 4.429921e+03 4.435028e+03 4.403463e+03 4.337444e+03 4.337444e+03 
0.000000e+00 0.000000e+00 0.000000e+00 0.000000e+00 0.000000e+00 0.000000e+00 9.002834e-07 1.397564e-05 6.434006e-05 1.924306e-04 4.582163e-04 9.489284e-04 1.786801e-03 3.138238e-03 5.283390e-03 8.827838e-03 1.509056e-02 2.627937e-02 4.538035e-02 7.592181e-02 1.216475e-01 1.860690e-01 2.721070e-01 3.819447e-01 5.169758e-01 6.778383e-01 8.645675e-01 1.077073e+00 1.315856e+00 1.582469e+00 1.879549e+00 2.210730e+00 2.580498e+00 2.993958e+00 3.456788e+00 3.975153e+00 4.555589e+00 5.204702e+00 5.928850e+00 6.734063e+00 7.625751e+00 8.608398e+00 9.684864e+00 1.085549e+01 1.211742e+01 1.346398e+01 1.488461e+01 1.636520e+01 1.788887e+01 1.943721e+01 2.099201e+01 2.253914e+01 2.407518e+01 2.561390e+01 2.718832e+01 2.883953e+01 3.060700e+01 3.253178e+01 3.465960e+01 3.704276e+01 3.974091e+01 4.282077e+01 4.635920e+01 5.045949e+01 5.528341e+01 6.109200e+01 6.829380e+01 7.749978e+01 8.958466e+01 1.057344e+02 1.274924e+02 1.567614e+02 1.957832e+02 2.470582e+02 3.132184e+02 3.968731e+02 5.004158e+02 6.258340e+02 7.745312e+02 9.471836e+02 1.143615e+03 1.362663e+03 1.602191e+03 1.859050e+03 2.129289e+03 2.408200e+03 2.690635e+03 2.971132e+03 3.243787e+03 3.502575e+03 3.741661e+03 3.955747e+03 4.140213e+03 4.291297e+03 4.406218e+03 4.483227e+03 4.521681e+03 4.521971e+03 4.485517e+03 4.414616e+03 4.414616e+03 
0.000000e+00 0.000000e+00 0.000000e+00 0.000000e+00 0.000000e+00 0.000000e+00 3.490027e-06 2.694195e-05 1.008902e-04 2.728678e-04 6.130022e-04 1.222606e-03 2.241276e-03 3.869429e-03 6.483361e-03 1.092292e-02 1.885393e-02 3.281667e-02 5.604224e-02 9.217529e-02 1.449195e-01 2.176077e-01 3.129112e-01 4.327479e-01 5.782529e-01 7.498402e-01 9.474399e-01 1.171057e+00 1.421409e+00 1.700232e+00 2.010270e+00 2.355176e+00 2.739390e+00 3.167948e+00 3.646477e+00 4.181088e+00 4.778217e+00 5.444323e+00 6.185646e+00 7.008117e+00 7.917000e+00 8.916541e+00 1.000923e+01 1.119493e+01 1.247038e+01 1.382861e+01 1.525893e+01 1.674735e+01 1.827736e+01 1.983122e+01 2.139218e+01 2.294909e+01 2.450323e+01 2.607366e+01 2.769549e+01 2.940758e+01 3.124791e+01 3.325818e+01 3.548508e+01 3.798235e+01 4.081124e+01 4.404126e+01 4.775639e+01 5.207422e+01 5.718100e+01 6.337439e+01 7.111279e+01 8.107221e+01 9.420425e+01 1.117829e+02 1.354423e+02 1.671702e+02 2.092812e+02 2.643200e+02 3.349360e+02 4.237219e+02 5.330163e+02 6.647177e+02 8.201023e+02 9.996911e+02 1.203115e+03 1.429005e+03 1.675013e+03 1.937790e+03 2.213220e+03 2.496459e+03 2.782281e+03 3.065093e+03 3.338901e+03 3.597730e+03 3.835864e+03 4.048143e+03 4.230100e+03 4.378117e+03 4.489551e+03 4.562775e+03 4.597247e+03 4.593451e+03 4.552879e+03 4.477886e+03 4.477886e+03 
0.000000e+00 0.000000e+00 0.000000e+00 0.000000e+00 0.000000e+00 1.795960e-07 8.212501e-06 4.530090e-05 1.475047e-04 3.699095e-04 7.935838e-04 1.534441e-03 2.750287e-03 4.687264e-03 7.849400e-03 1.335726e-02 2.320680e-02 4.021549e-02 6.778145e-02 1.095742e-01 1.691794e-01 2.497174e-01 3.536188e-01 4.825607e-01 6.374532e-01 8.185355e-01 1.025706e+00 1.259117e+00 1.519669e+00 1.809229e+00 2.130584e+00 2.487363e+00 2.883937e+00 3.325295e+00 3.817015e+00 4.365161e+00 4.976064e+00 5.656058e+00 6.411298e+00 7.247625e+00 8.170165e+00 9.182938e+00 1.028808e+01 1.148509e+01 1.277043e+01 1.413693e+01 1.557390e+01 1.706759e+01 1.860189e+01 2.015988e+01 2.172644e+01 2.329369e+01 2.486738e+01 2.647080e+01 2.813877e+01 2.990758e+01 3.181493e+01 3.390308e+01 3.621969e+01 3.881977e+01 4.176580e+01 4.513074e+01 4.900666e+01 5.352616e+01 5.890002e+01 6.546083e+01 7.371373e+01 8.439406e+01 9.852029e+01 1.174440e+02 1.428712e+02 1.768590e+02 2.217733e+02 2.801860e+02 3.547539e+02 4.480442e+02 5.623430e+02 6.994649e+02 8.605698e+02 1.046043e+03 1.255335e+03 1.486913e+03 1.738230e+03 2.005795e+03 2.285341e+03 2.571938e+03 2.860294e+03 3.144680e+03 3.419088e+03 3.677617e+03 3.914655e+03 4.125168e+03 4.304815e+03 4.450100e+03 4.558488e+03 4.628450e+03 4.659528e+03 4.652274e+03 4.608238e+03 4.529821e+03 4.529821e+03 
0.000000e+00 0.000000e+00 0.000000e+00 0.000000e+00 0.000000e+00 1.378993e-06 1.639186e-05 7.079945e-05 2.065006e-04 4.867368e-04 1.004168e-03 1.889513e-03 3.324250e-03 5.620353e-03 9.450112e-03 1.622770e-02 2.824482e-02 4.853527e-02 8.058540e-02 1.280125e-01 1.942375e-01 2.821612e-01 3.939884e-01 5.311800e-01 6.944573e-01 8.839397e-01 1.099556e+00 1.341610e+00 1.611149e+00 1.910116e+00 2.241300e+00 2.608277e+00 3.015355e+00 3.467481e+00 3.970193e+00 4.529501e+00 5.151637e+00 5.842839e+00 6.609195e+00 7.456459e+00 8.389627e+00 9.412505e+00 1.052693e+01 1.173214e+01 1.302442e+01 1.439650e+01 1.583781e+01 1.733487e+01 1.887205e+01 2.043340e+01 2.200570e+01 2.358438e+01 2.517913e+01 2.681577e+01 2.852764e+01 3.034908e+01 3.231790e+01 3.447691e+01 3.687467e+01 3.956713e+01 4.261820e+01 4.610513e+01 5.012887e+01 5.483750e+01 6.046579e+01 6.737936e+01 7.612652e+01 8.749522e+01 1.025628e+02 1.227452e+02 1.498063e+02 1.858564e+02 2.332960e+02 2.947134e+02 3.727637e+02 4.699866e+02 5.886184e+02 7.303953e+02 8.963747e+02 1.086816e+03 1.301015e+03 1.537296e+03 1.792946e+03 2.064358e+03 2.347149e+03 2.636326e+03 2.926526e+03 3.211930e+03 3.486553e+03 3.744567e+03 3.980461e+03 4.189305e+03 4.366866e+03 4.509743e+03 4.615493e+03 4.682663e+03 4.710859e+03 4.700689e+03 4.653749e+03 4.572471e+03 4.572471e+03 
0.000000e+00 0.000000e+00 0.000000e+00 0.000000e+00 0.000000e+00 3.904415e-06 2.822366e-05 1.032418e-04 2.768465e-04 6.209248e-04 1.239982e-03 2.279071e-03 3.949882e-03 6.651287e-03 1.126449e-02 1.948402e-02 3.384279e-02 5.751672e-02 9.400768e-02 1.468292e-01 2.192216e-01 3.138813e-01 4.328132e-01 5.772943e-01 7.478941e-01 9.446723e-01 1.167635e+00 1.417222e+00 1.694579e+00 2.001682e+00 2.341291e+00 2.716922e+00 3.132836e+00 3.593949e+00 4.105767e+00 4.674239e+00 5.305510e+00 6.005751e+00 6.780993e+00 7.636910e+00 8.578372e+00 9.608981e+00 1.073034e+01 1.194149e+01 1.323862e+01 1.461446e+01 1.605860e+01 1.755785e+01 1.909716e+01 2.066162e+01 2.224012e+01 2.383121e+01 2.544794e+01 2.711676e+01 2.886904e+01 3.073810e+01 3.276203e+01 3.498432e+01 3.745437e+01 4.022887e+01 4.337356e+01 4.697053e+01 5.112985e+01 5.601496e+01 6.188327e+01 6.913082e+01 7.834510e+01 9.035941e+01 1.063028e+02 1.276423e+02 1.561892e+02 1.940924e+02 2.437757e+02 3.078377e+02 3.889262e+02 4.895544e+02 6.119108e+02 7.576602e+02 9.277693e+02 1.122379e+03 1.340661e+03 1.580802e+03 1.839969e+03 2.114450e+03 2.399779e+03 2.690918e+03 2.982425e+03 3.268440e+03 3.543020e+03 3.800407e+03 4.035174e+03 4.242485e+03 4.418190e+03 4.558972e+03 4.662456e+03 4.727250e+03 4.753015e+03 4.740400e+03 4.691033e+03 4.607376e+03 4.607376e+03 
0.000000e+00 0.000000e+00 0.000000e+00 0.000000e+00 1.961821e-07 8.010383e-06 4.374247e-05 1.421083e-04 3.570219e-04 7.693027e-04 1.495057e-03 2.693691e-03 4.614678e-03 7.765448e-03 1.326493e-02 2.305197e-02 3.983045e-02 6.684478e-02 1.075584e-01 1.653558e-01 2.433034e-01 3.439211e-01 4.690467e-01 6.198056e-01 7.966553e-01 9.996428e-01 1.228881e+00 1.484924e+00 1.768970e+00 2.082995e+00 2.429719e+00 2.812609e+00 3.235894e+00 3.704465e+00 4.223803e+00 4.799790e+00 5.438502e+00 6.146058e+00 6.928443e+00 7.791261e+00 8.739259e+00 9.775852e+00 1.090245e+01 1.211799e+01 1.341857e+01 1.479702e+01 1.624308e+01 1.774392e+01 1.928506e+01 2.085271e+01 2.243793e+01 2.404210e+01 2.568080e+01 2.737965e+01 2.916796e+01 3.107892e+01 3.315114e+01 3.542888e+01 3.796240e+01 4.080910e+01 4.403691e+01 4.773276e+01 5.201570e+01 5.706386e+01 6.315543e+01 7.071386e+01 8.036111e+01 9.296903e+01 1.097109e+02 1.320941e+02 1.619675e+02 2.015084e+02 2.531566e+02 3.195167e+02 4.032273e+02 5.067763e+02 6.323075e+02 7.814199e+02 9.549999e+02 1.153079e+03 1.374729e+03 1.618013e+03 1.880010e+03 2.156914e+03 2.444209e+03 2.736817e+03 3.029220e+03 3.315557e+03 3.589931e+03 3.846646e+03 4.080354e+03 4.286289e+03 4.460375e+03 4.599357e+03 4.700917e+03 4.763713e+03 4.787444e+03 4.772794e+03 4.721417e+03 4.635797e+03 4.635797e+03 
0.000000e+00 0.000000e+00 0.000000e+00 0.000000e+00 1.155014e-06 1.451867e-05 6.395424e-05 1.886052e-04 4.486398e-04 9.339175e-04 1.771600e-03 3.138549e-03 5.335431e-03 9.007623e-03 1.550852e-02 2.697016e-02 4.620152e-02 7.645874e-02 1.211326e-01 1.834722e-01 2.663857e-01 3.722416e-01 5.027363e-01 6.588746e-01 8.410418e-01 1.049313e+00 1.283910e+00 1.545463e+00 1.835196e+00 2.155064e+00 2.507749e+00 2.896678e+00 3.326059e+00 3.800766e+00 4.326245e+00 4.908322e+00 5.553012e+00 6.266406e+00 7.054446e+00 7.922668e+00 8.875702e+00 9.916804e+00 1.104725e+01 1.226590e+01 1.356886e+01 1.494903e+01 1.639638e+01 1.789841e+01 1.944130e+01 2.101249e+01 2.260506e+01 2.422283e+01 2.588272e+01 2.760882e+01 2.942891e+01 3.137652e+01 3.349093e+01 3.581724e+01 3.840643e+01 4.131681e+01 4.461867e+01 4.840385e+01 5.280015e+01 5.799938e+01 6.429850e+01 7.214528e+01 8.219116e+01 9.534102e+01 1.128040e+02 1.361192e+02 1.671648e+02 2.081383e+02 2.614911e+02 3.298308e+02 4.157860e+02 5.218211e+02 6.500375e+02 8.019764e+02 9.784494e+02 1.179396e+03 1.403800e+03 1.649623e+03 1.913873e+03 2.192673e+03 2.481472e+03 2.775151e+03 3.068141e+03 3.354599e+03 3.628669e+03 3.884718e+03 4.117455e+03 4.322179e+03 4.494868e+03 4.632321e+03 4.732263e+03 4.793390e+03 4.815433e+03 4.799102e+03 4.746070e+03 4.658837e+03 4.658837e+03 
0.000000e+00 0.000000e+00 0.000000e+00 0.000000e+00 3.032036e-06 2.350618e-05 8.872786e-05 2.422520e-04 5.508189e-04 1.113215e-03 2.066901e-03 3.610125e-03 6.109430e-03 1.037946e-02 1.798334e-02 3.119145e-02 5.286134e-02 8.622012e-02 1.345639e-01 2.010088e-01 2.883247e-01 3.987519e-01 5.338707e-01 6.945919e-01 8.812665e-01 1.094028e+00 1.333191e+00 1.599428e+00 1.893956e+00 2.218709e+00 2.576331e+00 2.970223e+00 3.404581e+00 3.884262e+00 4.414680e+00 5.001605e+00 5.651019e+00 6.368985e+00 7.161411e+00 8.033765e+00 8.990567e+00 1.003495e+01 1.116810e+01 1.238885e+01 1.369333e+01 1.507456e+01 1.652273e+01 1.802571e+01 1.957035e+01 2.114539e+01 2.274578e+01 2.437733e+01 2.605707e+01 2.780729e+01 2.965503e+01 3.163438e+01 3.378538e+01 3.615396e+01 3.879178e+01 4.175813e+01 4.512573e+01 4.899117e+01 5.349055e+01 5.882808e+01 6.531728e+01 7.342710e+01 8.383367e+01 9.746994e+01 1.155729e+02 1.397070e+02 1.717721e+02 2.139804e+02 2.687923e+02 3.388166e+02 4.266730e+02 5.348033e+02 6.652710e+02 8.195658e+02 9.984304e+02 1.201730e+03 1.428365e+03 1.676224e+03 1.942253e+03 2.222525e+03 2.512462e+03 2.806901e+03 3.100254e+03 3.386698e+03 3.660421e+03 3.915836e+03 4.147707e+03 4.351380e+03 4.522880e+03 4.659046e+03 4.757639e+03 4.817384e+03 4.838037e+03 4.820325e+03 4.765940e+03 4.677392e+03 4.677392e+03 
0.000000e+00 0.000000e+00 0.000000e+00 7.627583e-08 5.929452e-06 3.496606e-05 1.178227e-04 3.024723e-04 6.625050e-04 1.305388e-03 2.378401e-03 4.105875e-03 6.935868e-03 1.187788e-02 2.066759e-02 3.565901e-02 5.971246e-02 9.599816e-02 1.477070e-01 2.178301e-01 3.090209e-01 4.234126e-01 5.624885e-01 7.270914e-01 9.175646e-01 1.134124e+00 1.377149e+00 1.647327e+00 1.945855e+00 2.274636e+00 2.636290e+00 3.034199e+00 3.472553e+00 3.956196e+00 4.490504e+00 5.081205e+00 5.734255e+00 6.455703e+00 7.251425e+00 8.126826e+00 9.086330e+00 1.013297e+01 1.126791e+01 1.248995e+01 1.379528e+01 1.517707e+01 1.662573e+01 1.812951e+01 1.967597e+01 2.125511e+01 2.286356e+01 2.450867e+01 2.620653e+01 2.797763e+01 2.984907e+01 3.185560e+01 3.403811e+01 3.644329e+01 3.912337e+01 4.213869e+01 4.556424e+01 4.950108e+01 5.409298e+01 5.955509e+01 6.621525e+01 7.456036e+01 8.528678e+01 9.935080e+01 1.180106e+02 1.428501e+02 1.757853e+02 2.190397e+02 2.750810e+02 3.465188e+02 4.359650e+02 5.458408e+02 6.781753e+02 8.344136e+02 1.015235e+03 1.220445e+03 1.448871e+03 1.698347e+03 1.965764e+03 2.247164e+03 2.537946e+03 2.832910e+03 3.126463e+03 3.412811e+03 3.686175e+03 3.941012e+03 4.172126e+03 4.374904e+03 4.545406e+03 4.680504e+03 4.777986e+03 4.836600e+03 4.856119e+03 4.837288e+03 4.781809e+03 4.692200e+03 4.692200e+03 
0.000000e+00 0.000000e+00 0.000000e+00 2.510713e-06 1.983060e-05 7.580513e-05 2.091275e-04 4.793639e-04 9.760591e-04 1.824614e-03 3.210888e-03 5.482725e-03 9.371799e-03 1.626235e-02 2.810927e-02 4.731207e-02 7.664689e-02 1.191076e-01 1.776519e-01 2.550342e-01 3.536952e-01 4.755782e-01 6.220146e-01 7.937891e-01 9.913300e-01 1.215002e+00 1.465244e+00 1.742717e+00 2.048567e+00 2.384645e+00 2.753527e+00 3.158584e+00 3.603985e+00 4.094530e+00 4.635517e+00 5.232615e+00 5.891756e+00 6.618949e+00 7.419985e+00 8.300125e+00 9.263628e+00 1.031342e+01 1.145063e+01 1.267413e+01 1.398034e+01 1.536277e+01 1.681244e+01 1.831860e+01 1.987073e+01 2.146202e+01 2.309203e+01 2.476823e+01 2.650356e+01 2.831698e+01 3.023688e+01 3.229889e+01 3.454498e+01 3.702307e+01 3.978702e+01 4.290037e+01 4.644439e+01 5.053125e+01 5.532184e+01 6.105421e+01 6.808511e+01 7.693570e+01 8.834077e+01 1.032968e+02 1.230973e+02 1.493582e+02 1.840207e+02 2.293263e+02 2.877533e+02 3.619081e+02 4.543793e+02 5.675379e+02 7.033396e+02 8.631299e+02 1.047470e+03 1.256045e+03 1.487558e+03 1.739749e+03 2.009427e+03 2.292592e+03 2.584593e+03 2.880186e+03 3.173806e+03 3.459716e+03 3.732210e+03 3.985820e+03 4.215424e+03 4.416479e+03 4.585105e+03 4.718227e+03 4.813678e+03 4.870242e+03 4.887724e+03 4.866892e+03 4.809464e+03 4.717976e+03 4.717976e+03 
0.000000e+00 0.000000e+00 6.261587e-07 9.303954e-06 4.307449e-05 1.313671e-04 3.210453e-04 6.825353e-04 1.317405e-03 2.370913e-03 4.118684e-03 7.114332e-03 1.233436e-02 2.128119e-02 3.592544e-02 5.860521e-02 9.197713e-02 1.388795e-01 2.021185e-01 2.843088e-01 3.877702e-01 5.143476e-01 6.653286e-01 8.415782e-01 1.043607e+00 1.271803e+00 1.526584e+00 1.808579e+00 2.118902e+00 2.459374e+00 2.832570e+00 3.241848e+00 3.691354e+00 4.185842e+00 4.730570e+00 5.331202e+00 5.993648e+00 6.723869e+00 7.527573e+00 8.409918e+00 9.375106e+00 1.042606e+01 1.156395e+01 1.278779e+01 1.409423e+01 1.547717e+01 1.692819e+01 1.843759e+01 1.999716e+01 2.160292e+01 2.325368e+01 2.495444e+01 2.671753e+01 2.856367e+01 3.052091e+01 3.262412e+01 3.491556e+01 3.744413e+01 4.026601e+01 4.344886e+01 4.708067e+01 5.128399e+01 5.623365e+01 6.218469e+01 6.951421e+01 7.876571e+01 9.069859e+01 1.063307e+02 1.269745e+02 1.542628e+02 1.901495e+02 2.368852e+02 2.969496e+02 3.729388e+02 4.674133e+02 5.826986e+02 7.206912e+02 8.826586e+02 1.069090e+03 1.279589e+03 1.512800e+03 1.766412e+03 2.037203e+03 2.321155e+03 2.613588e+03 2.909266e+03 3.202659e+03 3.488069e+03 3.759839e+03 4.012545e+03 4.241108e+03 4.441023e+03 4.608443e+03 4.740322e+03 4.834515e+03 4.889827e+03 4.906077e+03 4.884043e+03 4.825456e+03 4.732853e+03 4.732853e+03 
0.000000e+00 8.888825e-09 2.746873e-06 1.873355e-05 6.802775e-05 1.844441e-04 4.208518e-04 8.545084e-04 1.593487e-03 2.819775e-03 4.921205e-03 8.598640e-03 1.490698e-02 2.535289e-02 4.187292e-02 6.674003e-02 1.025240e-01 1.519779e-01 2.178306e-01 3.026284e-01 4.086355e-01 5.376626e-01 6.910372e-01 8.696820e-01 1.074119e+00 1.304721e+00 1.561885e+00 1.846226e+00 2.158838e+00 2.501542e+00 2.876911e+00 3.288290e+00 3.739805e+00 4.236184e+00 4.782685e+00 5.384966e+00 6.048914e+00 6.780449e+00 7.585227e+00 8.468373e+00 9.434088e+00 1.048532e+01 1.162329e+01 1.284715e+01 1.415373e+01 1.553722e+01 1.698963e+01 1.850232e+01 2.006906e+01 2.168600e+01 2.335019e+01 2.506584e+01 2.684650e+01 2.871328e+01 3.069318e+01 3.282060e+01 3.513806e+01 3.769560e+01 4.055155e+01 4.377696e+01 4.746493e+01 5.174502e+01 5.680061e+01 6.289695e+01 7.042240e+01 7.993276e+01 9.219897e+01 1.082487e+02 1.294031e+02 1.573026e+02 1.939070e+02 2.414697e+02 3.024677e+02 3.794851e+02 4.750605e+02 5.914896e+02 7.306289e+02 8.937056e+02 1.081167e+03 1.292581e+03 1.526565e+03 1.780790e+03 2.052027e+03 2.336243e+03 2.628758e+03 2.924352e+03 3.217513e+03 3.502570e+03 3.773887e+03 4.026065e+03 4.254044e+03 4.453336e+03 4.620112e+03 4.751335e+03 4.844874e+03 4.899541e+03 4.915161e+03 4.892517e+03 4.833343e+03 4.740180e+03 4.740180e+03 
