#n_z 
11 
#n_E_g 
56 
#Redshift z 
0.00 0.01 0.03 0.10 0.30 0.50 1.00 1.50 2.00 2.50 3.00 
#Observed photon energy E_g [eV] 
5.200000e+09 6.310000e+09 7.670000e+09 9.320000e+09 1.132000e+10 1.375000e+10 1.671000e+10 2.030000e+10 2.466000e+10 2.997000e+10 3.641000e+10 4.423000e+10 5.374000e+10 6.529000e+10 7.932000e+10 9.636000e+10 1.170800e+11 1.422400e+11 1.728100e+11 2.099500e+11 2.550700e+11 3.098900e+11 3.765000e+11 4.574200e+11 5.557300e+11 6.751600e+11 8.202700e+11 9.965700e+11 1.210760e+12 1.470980e+12 1.787120e+12 2.171220e+12 2.637870e+12 3.204810e+12 3.893600e+12 4.730420e+12 5.747100e+12 6.982300e+12 8.482960e+12 1.030610e+13 1.252110e+13 1.521220e+13 1.848170e+13 2.245390e+13 2.727980e+13 3.314290e+13 4.026610e+13 4.892030e+13 5.943440e+13 7.220830e+13 8.772760e+13 1.065820e+14 1.294890e+14 1.573190e+14 1.911310e+14 2.322100e+14 
#Optical depth from emission tau 
0.000000e+00 0.000000e+00 0.000000e+00 0.000000e+00 0.000000e+00 0.000000e+00 0.000000e+00 0.000000e+00 0.000000e+00 0.000000e+00 0.000000e+00 0.000000e+00 0.000000e+00 0.000000e+00 0.000000e+00 0.000000e+00 0.000000e+00 0.000000e+00 0.000000e+00 0.000000e+00 0.000000e+00 0.000000e+00 0.000000e+00 0.000000e+00 0.000000e+00 0.000000e+00 0.000000e+00 0.000000e+00 0.000000e+00 0.000000e+00 0.000000e+00 0.000000e+00 0.000000e+00 0.000000e+00 0.000000e+00 0.000000e+00 0.000000e+00 0.000000e+00 0.000000e+00 0.000000e+00 0.000000e+00 0.000000e+00 0.000000e+00 0.000000e+00 0.000000e+00 0.000000e+00 0.000000e+00 0.000000e+00 0.000000e+00 0.000000e+00 0.000000e+00 0.000000e+00 0.000000e+00 0.000000e+00 0.000000e+00 0.000000e+00 
0.000000e+00 0.000000e+00 0.000000e+00 0.000000e+00 0.000000e+00 0.000000e+00 0.000000e+00 0.000000e+00 0.000000e+00 0.000000e+00 0.000000e+00 0.000000e+00 4.000000e-05 1.700000e-04 4.400000e-04 9.000000e-04 1.640000e-03 2.880000e-03 4.850000e-03 7.850000e-03 1.228000e-02 1.849000e-02 2.671000e-02 3.695000e-02 4.889000e-02 6.195000e-02 7.565000e-02 8.899000e-02 1.013800e-01 1.122100e-01 1.214000e-01 1.290100e-01 1.360100e-01 1.437700e-01 1.541900e-01 1.691100e-01 1.906500e-01 2.187600e-01 2.560700e-01 3.075200e-01 3.858600e-01 5.116600e-01 7.127700e-01 1.036240e+00 1.557560e+00 2.337300e+00 3.400140e+00 4.723880e+00 6.239600e+00 7.821890e+00 9.506830e+00 1.189620e+01 1.830010e+01 3.967960e+01 9.977800e+01 2.359830e+02 
0.000000e+00 0.000000e+00 0.000000e+00 0.000000e+00 0.000000e+00 0.000000e+00 0.000000e+00 0.000000e+00 0.000000e+00 0.000000e+00 0.000000e+00 1.000000e-05 1.500000e-04 5.900000e-04 1.460000e-03 2.920000e-03 5.300000e-03 9.230000e-03 1.543000e-02 2.488000e-02 3.875000e-02 5.813000e-02 8.371000e-02 1.154100e-01 1.521300e-01 1.921400e-01 2.339900e-01 2.744200e-01 3.119400e-01 3.444000e-01 3.719400e-01 3.947000e-01 4.156800e-01 4.394900e-01 4.716200e-01 5.175600e-01 5.840800e-01 6.702300e-01 7.856700e-01 9.494200e-01 1.196160e+00 1.597620e+00 2.235370e+00 3.258440e+00 4.901600e+00 7.333670e+00 1.062610e+01 1.469480e+01 1.931100e+01 2.416780e+01 2.935910e+01 3.720860e+01 5.937830e+01 1.324630e+02 3.331530e+02 7.779450e+02 
0.000000e+00 0.000000e+00 0.000000e+00 0.000000e+00 0.000000e+00 0.000000e+00 0.000000e+00 0.000000e+00 0.000000e+00 0.000000e+00 0.000000e+00 1.300000e-04 9.000000e-04 2.790000e-03 6.250000e-03 1.196000e-02 2.132000e-02 3.649000e-02 6.030000e-02 9.631000e-02 1.485600e-01 2.204500e-01 3.138700e-01 4.271600e-01 5.563300e-01 6.956300e-01 8.387000e-01 9.749200e-01 1.099520e+00 1.206150e+00 1.295290e+00 1.370520e+00 1.442940e+00 1.531470e+00 1.653820e+00 1.832340e+00 2.084650e+00 2.410550e+00 2.858080e+00 3.509610e+00 4.506010e+00 6.143350e+00 8.727730e+00 1.290100e+01 1.944480e+01 2.884580e+01 4.114430e+01 5.588350e+01 7.219700e+01 8.925410e+01 1.090800e+02 1.475220e+02 2.688480e+02 6.422230e+02 1.579260e+03 3.498490e+03 
0.000000e+00 0.000000e+00 0.000000e+00 0.000000e+00 0.000000e+00 0.000000e+00 0.000000e+00 0.000000e+00 0.000000e+00 6.000000e-05 7.500000e-04 3.200000e-03 8.810000e-03 1.897000e-02 3.557000e-02 6.187000e-02 1.037600e-01 1.700400e-01 2.716000e-01 4.203900e-01 6.274300e-01 8.988900e-01 1.234090e+00 1.623950e+00 2.054580e+00 2.502320e+00 2.941800e+00 3.347130e+00 3.704420e+00 4.006610e+00 4.267810e+00 4.522080e+00 4.820800e+00 5.228720e+00 5.818030e+00 6.629270e+00 7.714680e+00 9.207280e+00 1.136040e+01 1.470300e+01 2.002720e+01 2.860230e+01 4.235600e+01 6.350060e+01 9.366720e+01 1.331040e+02 1.803350e+02 2.332230e+02 2.903730e+02 3.640180e+02 5.227300e+02 9.964700e+02 2.318770e+03 5.410710e+03 7.153411e+03 1.250132e+04 
0.000000e+00 0.000000e+00 0.000000e+00 0.000000e+00 0.000000e+00 0.000000e+00 0.000000e+00 0.000000e+00 2.600000e-04 1.680000e-03 5.740000e-03 1.442000e-02 3.012000e-02 5.553000e-02 9.497000e-02 1.565700e-01 2.536100e-01 4.034100e-01 6.249200e-01 9.362200e-01 1.350310e+00 1.871160e+00 2.492330e+00 3.194340e+00 3.942060e+00 4.693820e+00 5.407660e+00 6.051130e+00 6.613810e+00 7.111680e+00 7.602450e+00 8.166930e+00 8.912960e+00 9.950270e+00 1.135580e+01 1.325980e+01 1.588880e+01 1.969650e+01 2.553160e+01 3.474080e+01 4.964500e+01 7.349360e+01 1.096970e+02 1.609380e+02 2.277930e+02 3.085220e+02 4.000800e+02 5.057380e+02 6.607650e+02 1.014580e+03 1.997660e+03 4.510250e+03 9.990420e+03 1.341377e+04 1.671863e+04 2.680470e+04 
0.000000e+00 0.000000e+00 0.000000e+00 0.000000e+00 0.000000e+00 2.000000e-04 1.440000e-03 5.260000e-03 1.411000e-02 3.132000e-02 6.037000e-02 1.049800e-01 1.700000e-01 2.648200e-01 4.070400e-01 6.220900e-01 9.396700e-01 1.389270e+00 1.997350e+00 2.784170e+00 3.759620e+00 4.911400e+00 6.201940e+00 7.567740e+00 8.931470e+00 1.022730e+01 1.141540e+01 1.252230e+01 1.364000e+01 1.492260e+01 1.653450e+01 1.859870e+01 2.129990e+01 2.491650e+01 2.990100e+01 3.715200e+01 4.796350e+01 6.484920e+01 9.208010e+01 1.352630e+02 2.007240e+02 2.931440e+02 4.148100e+02 5.659250e+02 7.493340e+02 1.013700e+03 1.548180e+03 2.907470e+03 6.283000e+03 6.512510e+03 1.052573e+04 1.735717e+04 2.897171e+04 2.990453e+04 3.308228e+04 5.011459e+04 
0.000000e+00 0.000000e+00 2.000000e-05 5.200000e-04 2.690000e-03 8.340000e-03 2.010000e-02 4.148000e-02 7.640000e-02 1.282300e-01 1.997700e-01 2.958600e-01 4.282100e-01 6.179900e-01 8.942400e-01 1.288340e+00 1.833230e+00 2.560140e+00 3.493340e+00 4.650170e+00 6.026820e+00 7.586550e+00 9.261860e+00 1.096600e+01 1.262580e+01 1.420030e+01 1.574080e+01 1.739900e+01 1.934280e+01 2.171920e+01 2.470270e+01 2.852210e+01 3.361720e+01 4.068210e+01 5.085620e+01 6.626020e+01 9.028270e+01 1.282810e+02 1.872900e+02 2.758260e+02 3.992690e+02 5.637970e+02 7.869350e+02 1.156410e+03 2.000750e+03 4.181950e+03 9.404140e+03 1.052897e+04 1.768106e+04 1.854456e+04 2.678581e+04 4.005054e+04 6.158214e+04 6.462004e+04 7.325412e+04 1.040161e+05 
1.000000e-05 4.100000e-04 2.380000e-03 7.700000e-03 1.862000e-02 3.824000e-02 7.046000e-02 1.190200e-01 1.864700e-01 2.749200e-01 3.885300e-01 5.378800e-01 7.422700e-01 1.027830e+00 1.424940e+00 1.965690e+00 2.680980e+00 3.599590e+00 4.744660e+00 6.124720e+00 7.721670e+00 9.485650e+00 1.134340e+01 1.321890e+01 1.506050e+01 1.690300e+01 1.888220e+01 2.115260e+01 2.387850e+01 2.726910e+01 3.154460e+01 3.719300e+01 4.481840e+01 5.573770e+01 7.199410e+01 9.697550e+01 1.357750e+02 1.954560e+02 2.851330e+02 4.150940e+02 6.080900e+02 9.529840e+02 1.776480e+03 3.963610e+03 9.319260e+03 1.158808e+04 2.049560e+04 2.052311e+04 3.126551e+04 3.253673e+04 4.473109e+04 6.409512e+04 9.513800e+04 9.978800e+04 1.132795e+05 1.570435e+05 
9.800000e-04 3.840000e-03 1.031000e-02 2.253000e-02 4.384000e-02 7.863000e-02 1.306900e-01 2.024200e-01 2.955300e-01 4.126700e-01 5.612700e-01 7.559300e-01 1.017670e+00 1.373030e+00 1.851660e+00 2.484550e+00 3.302280e+00 4.331980e+00 5.594390e+00 7.091900e+00 8.801310e+00 1.067560e+01 1.264330e+01 1.464720e+01 1.666430e+01 1.877010e+01 2.112410e+01 2.391440e+01 2.731810e+01 3.156360e+01 3.700710e+01 4.428530e+01 5.438790e+01 6.920460e+01 9.136760e+01 1.253690e+02 1.777000e+02 2.579480e+02 3.840660e+02 6.151950e+02 1.175933e+03 2.741434e+03 6.841312e+03 9.296585e+03 1.725585e+04 1.787229e+04 2.963725e+04 2.756164e+04 4.067238e+04 4.086672e+04 5.521052e+04 7.848256e+04 1.163744e+05 1.194021e+05 1.338213e+05 1.858130e+05 
2.500000e-03 7.060000e-03 1.614000e-02 3.325000e-02 6.308000e-02 1.098500e-01 1.763400e-01 2.643700e-01 3.752200e-01 5.135300e-01 6.879700e-01 9.135700e-01 1.212400e+00 1.609790e+00 2.134890e+00 2.818620e+00 3.691680e+00 4.781580e+00 6.105190e+00 7.666660e+00 9.444620e+00 1.139030e+01 1.344340e+01 1.554310e+01 1.770730e+01 2.003470e+01 2.271280e+01 2.594380e+01 2.988410e+01 3.481580e+01 4.126330e+01 5.002010e+01 6.239750e+01 8.069850e+01 1.082440e+02 1.506660e+02 2.181110e+02 3.387140e+02 6.218610e+02 1.451430e+03 3.855730e+03 9.943420e+03 1.462284e+04 1.795165e+04 3.059925e+04 3.209609e+04 4.979564e+04 4.935541e+04 6.937645e+04 7.401207e+04 9.720945e+04 1.325344e+05 1.871707e+05 2.005983e+05 2.305515e+05 3.085166e+05 
